FOLIO	LAND	IMP	SALES	NBHD	TOTVAL	NBHD_CHEV	NBHD_DAV	NBHD_HUN	LAN_CHEV	LAN_DAV	LAN_HUN	IMP_CHEV	IMP_DAV	IMP_HUN	LAN_IMP	L_I_CHEV	L_I_DAV	L_I_HUN	LNSALES
45802016	55.16	148.453	200	TOWN&CTY	203.613	0	0	0	0	0	0	0	0	0	8188.66748	0	0	0	5.298317367
45802040	40.215	125.093	225	TOWN&CTY	165.308	0	0	0	0	0	0	0	0	0	5030.614995	0	0	0	5.416100402
45802052	36.125	149.806	235	TOWN&CTY	185.931	0	0	0	0	0	0	0	0	0	5411.74175	0	0	0	5.459585514
45802068	40.215	128.752	250	TOWN&CTY	168.967	0	0	0	0	0	0	0	0	0	5177.76168	0	0	0	5.521460918
48680000	37.4	110.503	200	TOWN&CTY	147.903	0	0	0	0	0	0	0	0	0	4132.8122	0	0	0	5.298317367
48930000	37.489	136.202	210	TOWN&CTY	173.691	0	0	0	0	0	0	0	0	0	5106.076778	0	0	0	5.347107531
48970000	32.108	124.508	219.9	TOWN&CTY	156.616	0	0	0	0	0	0	0	0	0	3997.702864	0	0	0	5.393172898
49480000	37.4	119.776	243	TOWN&CTY	157.176	0	0	0	0	0	0	0	0	0	4479.6224	0	0	0	5.493061443
50290000	41.65	124.888	230	TOWN&CTY	166.538	0	0	0	0	0	0	0	0	0	5201.5852	0	0	0	5.438079309
50320000	42.837	127.171	201.3	TOWN&CTY	170.008	0	0	0	0	0	0	0	0	0	5447.624127	0	0	0	5.304796333
50390000	40.392	131.19	245	TOWN&CTY	171.582	0	0	0	0	0	0	0	0	0	5299.02648	0	0	0	5.501258211
50490016	48.45	132.909	235	TOWN&CTY	181.359	0	0	0	0	0	0	0	0	0	6439.44105	0	0	0	5.459585514
50490050	51	110.365	201	TOWN&CTY	161.365	0	0	0	0	0	0	0	0	0	5628.615	0	0	0	5.303304908
50490132	43.732	149.815	265	TOWN&CTY	193.547	0	0	0	0	0	0	0	0	0	6551.70958	0	0	0	5.579729826
70680000	29.586	139.957	200	TOWN&CTY	169.543	0	0	0	0	0	0	0	0	0	4140.767802	0	0	0	5.298317367
70970000	33.482	239.54	349.9	TOWN&CTY	273.022	0	0	0	0	0	0	0	0	0	8020.27828	0	0	0	5.857647399
70980000	29.773	96.31	189.9	TOWN&CTY	126.083	0	0	0	0	0	0	0	0	0	2867.43763	0	0	0	5.246497618
71300000	32.151	108.106	170	TOWN&CTY	140.257	0	0	0	0	0	0	0	0	0	3475.716006	0	0	0	5.135798437
71450000	31.816	83.718	173	TOWN&CTY	115.534	0	0	0	0	0	0	0	0	0	2663.571888	0	0	0	5.153291594
71540000	48.691	148.984	215	TOWN&CTY	197.675	0	0	0	0	0	0	0	0	0	7254.179944	0	0	0	5.370638028
71700000	31.559	85.622	189.9	TOWN&CTY	117.181	0	0	0	0	0	0	0	0	0	2702.144698	0	0	0	5.246497618
71950000	32.211	102.958	212	TOWN&CTY	135.169	0	0	0	0	0	0	0	0	0	3316.380138	0	0	0	5.356586275
72160000	32.181	80.086	170	TOWN&CTY	112.267	0	0	0	0	0	0	0	0	0	2577.247566	0	0	0	5.135798437
72220000	30.657	95.269	135	TOWN&CTY	125.926	0	0	0	0	0	0	0	0	0	2920.661733	0	0	0	4.905274778
72760000	29.592	138.161	225	TOWN&CTY	167.753	0	0	0	0	0	0	0	0	0	4088.460312	0	0	0	5.416100402
72830000	29.592	146.149	215	TOWN&CTY	175.741	0	0	0	0	0	0	0	0	0	4324.841208	0	0	0	5.370638028
72840000	28.681	88.116	164.9	TOWN&CTY	116.797	0	0	0	0	0	0	0	0	0	2527.254996	0	0	0	5.10533923
73010000	30.206	107.548	155	TOWN&CTY	137.754	0	0	0	0	0	0	0	0	0	3248.594888	0	0	0	5.043425117
73980000	28.681	127.101	185	TOWN&CTY	155.782	0	0	0	0	0	0	0	0	0	3645.383781	0	0	0	5.220355825
74150000	43.863	89.53	179	TOWN&CTY	133.393	0	0	0	0	0	0	0	0	0	3927.05439	0	0	0	5.187385806
74410000	31.559	107.316	175	TOWN&CTY	138.875	0	0	0	0	0	0	0	0	0	3386.785644	0	0	0	5.164785974
74480000	30.952	135.86	230	TOWN&CTY	166.812	0	0	0	0	0	0	0	0	0	4205.13872	0	0	0	5.438079309
74800000	37.699	182.626	240	TOWN&CTY	220.325	0	0	0	0	0	0	0	0	0	6884.817574	0	0	0	5.480638923
74860000	34.134	138.168	191.5	TOWN&CTY	172.302	0	0	0	0	0	0	0	0	0	4716.226512	0	0	0	5.254887809
74930000	33.035	95.782	235	TOWN&CTY	128.817	0	0	0	0	0	0	0	0	0	3164.15837	0	0	0	5.459585514
75440000	34.272	109.495	224.9	TOWN&CTY	143.767	0	0	0	0	0	0	0	0	0	3752.61264	0	0	0	5.415655859
75510000	39.34	123.447	220	TOWN&CTY	162.787	0	0	0	0	0	0	0	0	0	4856.40498	0	0	0	5.393627546
75710000	35.003	109.141	150	TOWN&CTY	144.144	0	0	0	0	0	0	0	0	0	3820.262423	0	0	0	5.010635294
75850000	35.003	74.358	85	TOWN&CTY	109.361	0	0	0	0	0	0	0	0	0	2602.753074	0	0	0	4.442651256
76000000	35.496	138.216	203	TOWN&CTY	173.712	0	0	0	0	0	0	0	0	0	4906.115136	0	0	0	5.313205979
76050000	42.033	81.114	244.9	TOWN&CTY	123.147	0	0	0	0	0	0	0	0	0	3409.464762	0	0	0	5.500849964
76400000	40.266	122.75	230	TOWN&CTY	163.016	0	0	0	0	0	0	0	0	0	4942.6515	0	0	0	5.438079309
76500000	37.741	139.558	240	TOWN&CTY	177.299	0	0	0	0	0	0	0	0	0	5267.058478	0	0	0	5.480638923
76710000	40.317	160.771	249	TOWN&CTY	201.088	0	0	0	0	0	0	0	0	0	6481.804407	0	0	0	5.517452896
77210000	36.04	89.607	200	TOWN&CTY	125.647	0	0	0	0	0	0	0	0	0	3229.43628	0	0	0	5.298317367
77470000	38.709	112.748	239	TOWN&CTY	151.457	0	0	0	0	0	0	0	0	0	4364.362332	0	0	0	5.476463552
77530000	38.877	104.066	210	TOWN&CTY	142.943	0	0	0	0	0	0	0	0	0	4045.773882	0	0	0	5.347107531
77560000	40.644	123.162	215	TOWN&CTY	163.806	0	0	0	0	0	0	0	0	0	5005.796328	0	0	0	5.370638028
77640000	33.567	87.762	131	TOWN&CTY	121.329	0	0	0	0	0	0	0	0	0	2945.907054	0	0	0	4.875197323
77930000	35.19	136.368	230	TOWN&CTY	171.558	0	0	0	0	0	0	0	0	0	4798.78992	0	0	0	5.438079309
77950000	33.567	102.199	165	TOWN&CTY	135.766	0	0	0	0	0	0	0	0	0	3430.513833	0	0	0	5.105945474
78020000	35.19	88.137	180	TOWN&CTY	123.327	0	0	0	0	0	0	0	0	0	3101.54103	0	0	0	5.192956851
78150000	39.382	171.478	200	TOWN&CTY	210.86	0	0	0	0	0	0	0	0	0	6753.146596	0	0	0	5.298317367
78180000	47.858	111.806	150	TOWN&CTY	159.664	0	0	0	0	0	0	0	0	0	5350.811548	0	0	0	5.010635294
78300000	40.644	134.57	202	TOWN&CTY	175.214	0	0	0	0	0	0	0	0	0	5469.46308	0	0	0	5.308267697
78630000	42.171	125.947	198	TOWN&CTY	168.118	0	0	0	0	0	0	0	0	0	5311.310937	0	0	0	5.288267031
78800000	39.971	111.744	175	TOWN&CTY	151.715	0	0	0	0	0	0	0	0	0	4466.519424	0	0	0	5.164785974
78970000	49.085	143.366	225	TOWN&CTY	192.451	0	0	0	0	0	0	0	0	0	7037.12011	0	0	0	5.416100402
79010000	53.194	117.886	175	TOWN&CTY	171.08	0	0	0	0	0	0	0	0	0	6270.827884	0	0	0	5.164785974
79100000	45.08	117.078	189	TOWN&CTY	162.158	0	0	0	0	0	0	0	0	0	5277.87624	0	0	0	5.241747015
79260000	39.34	114.779	200	TOWN&CTY	154.119	0	0	0	0	0	0	0	0	0	4515.40586	0	0	0	5.298317367
79470000	42.9	156.82	126.4	TOWN&CTY	199.72	0	0	0	0	0	0	0	0	0	6727.578	0	0	0	4.839451482
79760000	40.484	132.03	200	TOWN&CTY	172.514	0	0	0	0	0	0	0	0	0	5345.10252	0	0	0	5.298317367
79950000	40.484	118.24	200	TOWN&CTY	158.724	0	0	0	0	0	0	0	0	0	4786.82816	0	0	0	5.298317367
79980000	44.523	119.105	189.9	TOWN&CTY	163.628	0	0	0	0	0	0	0	0	0	5302.911915	0	0	0	5.246497618
80040000	35.062	106.074	169.9	TOWN&CTY	141.136	0	0	0	0	0	0	0	0	0	3719.166588	0	0	0	5.135210029
80090000	39.803	126.437	231	TOWN&CTY	166.24	0	0	0	0	0	0	0	0	0	5032.571911	0	0	0	5.442417711
80490000	50.674	129.781	234	TOWN&CTY	180.455	0	0	0	0	0	0	0	0	0	6576.522394	0	0	0	5.455321115
80580000	37.489	117.305	184	TOWN&CTY	154.794	0	0	0	0	0	0	0	0	0	4397.647145	0	0	0	5.214935758
80605031	35.7	122.949	206	TOWN&CTY	158.649	0	0	0	0	0	0	0	0	0	4389.2793	0	0	0	5.327876169
88210000	33.052	103.055	225	TOWN&CTY	136.107	0	0	0	0	0	0	0	0	0	3406.17386	0	0	0	5.416100402
88220000	37.4	165.062	235	TOWN&CTY	202.462	0	0	0	0	0	0	0	0	0	6173.3188	0	0	0	5.459585514
88670000	41.192	191.064	250	TOWN&CTY	232.256	0	0	0	0	0	0	0	0	0	7870.308288	0	0	0	5.521460918
89120000	36.04	84.419	215	TOWN&CTY	120.459	0	0	0	0	0	0	0	0	0	3042.46076	0	0	0	5.370638028
89280000	35.679	115.589	184.5	TOWN&CTY	151.268	0	0	0	0	0	0	0	0	0	4124.099931	0	0	0	5.217649463
91450000	29.733	81.896	185	TOWN&CTY	111.629	0	0	0	0	0	0	0	0	0	2435.013768	0	0	0	5.220355825
92490416	30.546	95.385	189.9	TOWN&CTY	125.931	0	0	0	0	0	0	0	0	0	2913.63021	0	0	0	5.246497618
92490426	35.212	82.699	145	TOWN&CTY	117.911	0	0	0	0	0	0	0	0	0	2911.997188	0	0	0	4.976733742
92490434	36.55	152.357	54.2	TOWN&CTY	188.907	0	0	0	0	0	0	0	0	0	5568.64835	0	0	0	3.992680908
92490456	30.546	87.594	160	TOWN&CTY	118.14	0	0	0	0	0	0	0	0	0	2675.646324	0	0	0	5.075173815
92490680	38.651	77.765	130	TOWN&CTY	116.416	0	0	0	0	0	0	0	0	0	3005.695015	0	0	0	4.86753445
92490682	42.432	127.348	215	TOWN&CTY	169.78	0	0	0	0	0	0	0	0	0	5403.630336	0	0	0	5.370638028
92490802	30.388	79.171	157	TOWN&CTY	109.559	0	0	0	0	0	0	0	0	0	2405.848348	0	0	0	5.056245805
92490900	30.388	123.156	205	TOWN&CTY	153.544	0	0	0	0	0	0	0	0	0	3742.464528	0	0	0	5.323009979
92490912	31.472	76.619	140	TOWN&CTY	108.091	0	0	0	0	0	0	0	0	0	2411.353168	0	0	0	4.941642423
92600000	27.944	75.891	120	TOWN&CTY	103.835	0	0	0	0	0	0	0	0	0	2120.698104	0	0	0	4.787491743
92650000	27.944	80.496	165	TOWN&CTY	108.44	0	0	0	0	0	0	0	0	0	2249.380224	0	0	0	5.105945474
92810000	27.043	65.31	100	TOWN&CTY	92.353	0	0	0	0	0	0	0	0	0	1766.17833	0	0	0	4.605170186
92920000	27.043	117.212	198	TOWN&CTY	144.255	0	0	0	0	0	0	0	0	0	3169.764116	0	0	0	5.288267031
93000000	27.043	75.318	175	TOWN&CTY	102.361	0	0	0	0	0	0	0	0	0	2036.824674	0	0	0	5.164785974
93130000	27.043	73.995	154.9	TOWN&CTY	101.038	0	0	0	0	0	0	0	0	0	2001.046785	0	0	0	5.042779747
93180000	32.398	82.719	191	TOWN&CTY	115.117	0	0	0	0	0	0	0	0	0	2679.930162	0	0	0	5.252273428
93340000	26.01	48.813	130	TOWN&CTY	74.823	0	0	0	0	0	0	0	0	0	1269.62613	0	0	0	4.86753445
93380000	26.01	71.999	135	TOWN&CTY	98.009	0	0	0	0	0	0	0	0	0	1872.69399	0	0	0	4.905274778
93860000	26.01	87.033	157	TOWN&CTY	113.043	0	0	0	0	0	0	0	0	0	2263.72833	0	0	0	5.056245805
93890000	26.01	70.426	150	TOWN&CTY	96.436	0	0	0	0	0	0	0	0	0	1831.78026	0	0	0	5.010635294
94160000	26.01	103.12	110	TOWN&CTY	129.13	0	0	0	0	0	0	0	0	0	2682.1512	0	0	0	4.700480366
94190000	36.433	97.739	220	TOWN&CTY	134.172	0	0	0	0	0	0	0	0	0	3560.924987	0	0	0	5.393627546
94280000	27.815	82.655	160	TOWN&CTY	110.47	0	0	0	0	0	0	0	0	0	2299.048825	0	0	0	5.075173815
94300000	28.073	96.532	144.5	TOWN&CTY	124.605	0	0	0	0	0	0	0	0	0	2709.942836	0	0	0	4.973279508
94450000	27.944	64.504	156	TOWN&CTY	92.448	0	0	0	0	0	0	0	0	0	1802.499776	0	0	0	5.049856007
95450000	26.179	66.304	108	TOWN&CTY	92.483	0	0	0	0	0	0	0	0	0	1735.772416	0	0	0	4.682131227
95710000	29.452	95.344	185	TOWN&CTY	124.796	0	0	0	0	0	0	0	0	0	2808.071488	0	0	0	5.220355825
95920000	27.622	79.459	120	TOWN&CTY	107.081	0	0	0	0	0	0	0	0	0	2194.816498	0	0	0	4.787491743
95960000	27.622	96.201	165	TOWN&CTY	123.823	0	0	0	0	0	0	0	0	0	2657.264022	0	0	0	5.105945474
96440000	29.325	100.186	100	TOWN&CTY	129.511	0	0	0	0	0	0	0	0	0	2937.95445	0	0	0	4.605170186
96960000	26.01	82.558	180.9	TOWN&CTY	108.568	0	0	0	0	0	0	0	0	0	2147.33358	0	0	0	5.197944392
97010000	26.184	102.026	167	TOWN&CTY	128.21	0	0	0	0	0	0	0	0	0	2671.448784	0	0	0	5.117993812
97260000	29.892	79.967	162.3	TOWN&CTY	109.859	0	0	0	0	0	0	0	0	0	2390.373564	0	0	0	5.089446475
97620000	33.736	83.952	148	TOWN&CTY	117.688	0	0	0	0	0	0	0	0	0	2832.204672	0	0	0	4.997212274
97900000	30.657	95.852	160	TOWN&CTY	126.509	0	0	0	0	0	0	0	0	0	2938.534764	0	0	0	5.075173815
98220000	32.545	96.548	154	TOWN&CTY	129.093	0	0	0	0	0	0	0	0	0	3142.15466	0	0	0	5.036952602
98270000	38.587	93.351	170	TOWN&CTY	131.938	0	0	0	0	0	0	0	0	0	3602.135037	0	0	0	5.135798437
99270000	30.281	153.36	185	TOWN&CTY	183.641	0	0	0	0	0	0	0	0	0	4643.89416	0	0	0	5.220355825
99503012	31.977	147.874	150	TOWN&CTY	179.851	0	0	0	0	0	0	0	0	0	4728.566898	0	0	0	5.010635294
99550000	30.345	76.566	170	TOWN&CTY	106.911	0	0	0	0	0	0	0	0	0	2323.39527	0	0	0	5.135798437
99620000	30.345	84.141	143	TOWN&CTY	114.486	0	0	0	0	0	0	0	0	0	2553.258645	0	0	0	4.96284463
99690000	30.345	96.849	179	TOWN&CTY	127.194	0	0	0	0	0	0	0	0	0	2938.882905	0	0	0	5.187385806
99810000	47.724	110.416	280	TOWN&CTY	158.14	0	0	0	0	0	0	0	0	0	5269.493184	0	0	0	5.634789603
99900000	30.345	82.582	140	TOWN&CTY	112.927	0	0	0	0	0	0	0	0	0	2505.95079	0	0	0	4.941642423
100210000	69.854	119.039	242.2	TOWN&CTY	188.893	0	0	0	0	0	0	0	0	0	8315.350306	0	0	0	5.489763831
100240000	29.325	68.485	127.9	TOWN&CTY	97.81	0	0	0	0	0	0	0	0	0	2008.322625	0	0	0	4.851248709
100480000	26.01	75.693	138	TOWN&CTY	101.703	0	0	0	0	0	0	0	0	0	1968.77493	0	0	0	4.927253685
100650000	26.01	79.034	145	TOWN&CTY	105.044	0	0	0	0	0	0	0	0	0	2055.67434	0	0	0	4.976733742
100740000	26.01	84.642	155	TOWN&CTY	110.652	0	0	0	0	0	0	0	0	0	2201.53842	0	0	0	5.043425117
100770000	26.01	104.736	170	TOWN&CTY	130.746	0	0	0	0	0	0	0	0	0	2724.18336	0	0	0	5.135798437
100920000	26.01	111.689	167	TOWN&CTY	137.699	0	0	0	0	0	0	0	0	0	2905.03089	0	0	0	5.117993812
101060000	27.901	87.528	165	TOWN&CTY	115.429	0	0	0	0	0	0	0	0	0	2442.118728	0	0	0	5.105945474
101350000	34.986	146.984	230	TOWN&CTY	181.97	0	0	0	0	0	0	0	0	0	5142.382224	0	0	0	5.438079309
101380000	78.951	164.243	314	TOWN&CTY	243.194	0	0	0	0	0	0	0	0	0	12967.14909	0	0	0	5.749392986
101400000	38.16	353.603	399.9	TOWN&CTY	391.763	0	0	0	0	0	0	0	0	0	13493.49048	0	0	0	5.991214516
101520000	68.815	110.658	175.3	TOWN&CTY	179.473	0	0	0	0	0	0	0	0	0	7614.93027	0	0	0	5.166498792
101660000	68.85	105.629	203	TOWN&CTY	174.479	0	0	0	0	0	0	0	0	0	7272.55665	0	0	0	5.313205979
101925328	38.842	318.479	420	TOWN&CTY	357.321	0	0	0	0	0	0	0	0	0	12370.36132	0	0	0	6.040254711
113870000	26.614	80.687	147	TOWN&CTY	107.301	0	0	0	0	0	0	0	0	0	2147.403818	0	0	0	4.990432587
114050000	27.043	75.577	175	TOWN&CTY	102.62	0	0	0	0	0	0	0	0	0	2043.828811	0	0	0	5.164785974
114080000	27.043	61.686	185	TOWN&CTY	88.729	0	0	0	0	0	0	0	0	0	1668.174498	0	0	0	5.220355825
114140000	27.043	97.684	204	TOWN&CTY	124.727	0	0	0	0	0	0	0	0	0	2641.668412	0	0	0	5.318119994
114220000	38.842	112.302	172	TOWN&CTY	151.144	0	0	0	0	0	0	0	0	0	4362.034284	0	0	0	5.147494477
114710000	32.604	88.288	125	TOWN&CTY	120.892	0	0	0	0	0	0	0	0	0	2878.541952	0	0	0	4.828313737
114760000	27.043	55.97	110	TOWN&CTY	83.013	0	0	0	0	0	0	0	0	0	1513.59671	0	0	0	4.700480366
115340000	26.614	78.016	154	TOWN&CTY	104.63	0	0	0	0	0	0	0	0	0	2076.317824	0	0	0	5.036952602
115520000	26.614	101.347	155.5	TOWN&CTY	127.961	0	0	0	0	0	0	0	0	0	2697.249058	0	0	0	5.046645732
115640000	29.325	72.836	116	TOWN&CTY	102.161	0	0	0	0	0	0	0	0	0	2135.9157	0	0	0	4.753590191
115750000	27.472	106.23	173	TOWN&CTY	133.702	0	0	0	0	0	0	0	0	0	2918.35056	0	0	0	5.153291594
115760000	26.614	89.092	153	TOWN&CTY	115.706	0	0	0	0	0	0	0	0	0	2371.094488	0	0	0	5.030437921
116090000	27.472	122.567	189	TOWN&CTY	150.039	0	0	0	0	0	0	0	0	0	3367.160624	0	0	0	5.241747015
116220000	26.614	87.724	182	TOWN&CTY	114.338	0	0	0	0	0	0	0	0	0	2334.686536	0	0	0	5.204006687
116350000	27.472	100.116	90	TOWN&CTY	127.588	0	0	0	0	0	0	0	0	0	2750.386752	0	0	0	4.49980967
116640000	26.614	65.181	160	TOWN&CTY	91.795	0	0	0	0	0	0	0	0	0	1734.727134	0	0	0	5.075173815
116650000	27.472	61.609	140	TOWN&CTY	89.081	0	0	0	0	0	0	0	0	0	1692.522448	0	0	0	4.941642423
117210000	27.043	84.032	130	TOWN&CTY	111.075	0	0	0	0	0	0	0	0	0	2272.477376	0	0	0	4.86753445
117410000	28.021	122.161	170	TOWN&CTY	150.182	0	0	0	0	0	0	0	0	0	3423.073381	0	0	0	5.135798437
117520000	28.475	107.093	175	TOWN&CTY	135.568	0	0	0	0	0	0	0	0	0	3049.473175	0	0	0	5.164785974
117710000	28.475	75.179	204.9	TOWN&CTY	103.654	0	0	0	0	0	0	0	0	0	2140.722025	0	0	0	5.322522055
118120000	28.475	93.089	147	TOWN&CTY	121.564	0	0	0	0	0	0	0	0	0	2650.709275	0	0	0	4.990432587
118130000	28.475	107.212	182.5	TOWN&CTY	135.687	0	0	0	0	0	0	0	0	0	3052.8617	0	0	0	5.206750173
118360000	27.043	114.472	185	TOWN&CTY	141.515	0	0	0	0	0	0	0	0	0	3095.666296	0	0	0	5.220355825
118760000	26.01	64.81	125	TOWN&CTY	90.82	0	0	0	0	0	0	0	0	0	1685.7081	0	0	0	4.828313737
118980000	32.061	106.461	174	TOWN&CTY	138.522	0	0	0	0	0	0	0	0	0	3413.246121	0	0	0	5.159055299
119060000	32.818	91.358	160	TOWN&CTY	124.176	0	0	0	0	0	0	0	0	0	2998.186844	0	0	0	5.075173815
129295758	95.691	261.888	412	CHEVAL	357.579	1	0	0	95.691	0	0	261.888	0	0	25060.32461	25060.32461	0	0	6.021023349
129295812	68.095	185.942	383.5	CHEVAL	254.037	1	0	0	68.095	0	0	185.942	0	0	12661.72049	12661.72049	0	0	5.949339621
129295820	55.44	174.062	324.5	CHEVAL	229.502	1	0	0	55.44	0	0	174.062	0	0	9649.99728	9649.99728	0	0	5.782285536
129295832	55.44	162.331	283	CHEVAL	217.771	1	0	0	55.44	0	0	162.331	0	0	8999.63064	8999.63064	0	0	5.645446898
129295836	58.262	147.425	265	CHEVAL	205.687	1	0	0	58.262	0	0	147.425	0	0	8589.27535	8589.27535	0	0	5.579729826
129453012	99.59	288.398	490	CHEVAL	387.988	1	0	0	99.59	0	0	288.398	0	0	28721.55682	28721.55682	0	0	6.194405391
129453016	105.792	309.526	575	CHEVAL	415.318	1	0	0	105.792	0	0	309.526	0	0	32745.37459	32745.37459	0	0	6.354370041
129453100	127.443	299.43	508.5	CHEVAL	426.873	1	0	0	127.443	0	0	299.43	0	0	38160.25749	38160.25749	0	0	6.231465215
129453138	97.373	284.669	542	CHEVAL	382.042	1	0	0	97.373	0	0	284.669	0	0	27719.07454	27719.07454	0	0	6.295266001
129453308	76.44	208.811	400	CHEVAL	285.251	1	0	0	76.44	0	0	208.811	0	0	15961.51284	15961.51284	0	0	5.991464547
129453358	105.478	207.967	365	CHEVAL	313.445	1	0	0	105.478	0	0	207.967	0	0	21935.94323	21935.94323	0	0	5.899897354
129453376	80.651	218.293	440	CHEVAL	298.944	1	0	0	80.651	0	0	218.293	0	0	17605.54874	17605.54874	0	0	6.086774727
129453406	69	219.05	410	CHEVAL	288.05	1	0	0	69	0	0	219.05	0	0	15114.45	15114.45	0	0	6.01615716
129453408	69	254.688	426	CHEVAL	323.688	1	0	0	69	0	0	254.688	0	0	17573.472	17573.472	0	0	6.054439346
129453450	84.39	225.752	372.5	CHEVAL	310.142	1	0	0	84.39	0	0	225.752	0	0	19051.21128	19051.21128	0	0	5.920237038
129453478	82.621	202.923	350	CHEVAL	285.544	1	0	0	82.621	0	0	202.923	0	0	16765.70118	16765.70118	0	0	5.857933154
129453492	128.149	263.623	446.5	CHEVAL	391.772	1	0	0	128.149	0	0	263.623	0	0	33783.02383	33783.02383	0	0	6.1014394
129453556	55.814	285.046	440	CHEVAL	340.86	1	0	0	55.814	0	0	285.046	0	0	15909.55744	15909.55744	0	0	6.086774727
129453566	60.794	212.722	440	CHEVAL	273.516	1	0	0	60.794	0	0	212.722	0	0	12932.22127	12932.22127	0	0	6.086774727
129453570	59.535	191.807	372	CHEVAL	251.342	1	0	0	59.535	0	0	191.807	0	0	11419.22974	11419.22974	0	0	5.918893854
129453594	55.373	212.722	437	CHEVAL	268.095	1	0	0	55.373	0	0	212.722	0	0	11779.05531	11779.05531	0	0	6.079933195
129453600	80.125	253.438	465	CHEVAL	333.563	1	0	0	80.125	0	0	253.438	0	0	20306.71975	20306.71975	0	0	6.142037406
129453754	41.976	140.847	255	CHEVAL	182.823	1	0	0	41.976	0	0	140.847	0	0	5912.193672	5912.193672	0	0	5.541263545
129453758	48.023	168.268	272	CHEVAL	216.291	1	0	0	48.023	0	0	168.268	0	0	8080.734164	8080.734164	0	0	5.605802066
129453804	68.44	157.262	268	CHEVAL	225.702	1	0	0	68.44	0	0	157.262	0	0	10763.01128	10763.01128	0	0	5.590986981
129453834	54.73	166.268	292	CHEVAL	220.998	1	0	0	54.73	0	0	166.268	0	0	9099.84764	9099.84764	0	0	5.676753802
129453928	70.575	214.293	353	CHEVAL	284.868	1	0	0	70.575	0	0	214.293	0	0	15123.72848	15123.72848	0	0	5.866468057
129453944	56.304	207.644	355	CHEVAL	263.948	1	0	0	56.304	0	0	207.644	0	0	11691.18778	11691.18778	0	0	5.872117789
129453960	55.44	208.81	430	CHEVAL	264.25	1	0	0	55.44	0	0	208.81	0	0	11576.4264	11576.4264	0	0	6.063785209
129453978	59.904	207.644	367	CHEVAL	267.548	1	0	0	59.904	0	0	207.644	0	0	12438.70618	12438.70618	0	0	5.905361848
129454138	96.798	248.559	399.9	CHEVAL	345.357	1	0	0	96.798	0	0	248.559	0	0	24060.01408	24060.01408	0	0	5.991214516
129454150	85.065	261.108	415	CHEVAL	346.173	1	0	0	85.065	0	0	261.108	0	0	22211.15202	22211.15202	0	0	6.02827852
129454156	112.382	274.437	424.5	CHEVAL	386.819	1	0	0	112.382	0	0	274.437	0	0	30841.77893	30841.77893	0	0	6.050912006
129454198	77.616	309.835	515	CHEVAL	387.451	1	0	0	77.616	0	0	309.835	0	0	24048.15336	24048.15336	0	0	6.244166901
129454304	71.482	145.952	294	CHEVAL	217.434	1	0	0	71.482	0	0	145.952	0	0	10432.94086	10432.94086	0	0	5.683579767
129454318	71.795	142.961	260	CHEVAL	214.756	1	0	0	71.795	0	0	142.961	0	0	10263.885	10263.885	0	0	5.560681631
129454322	69.034	145.305	289	CHEVAL	214.339	1	0	0	69.034	0	0	145.305	0	0	10030.98537	10030.98537	0	0	5.666426688
129454350	96.445	143.094	306	CHEVAL	239.539	1	0	0	96.445	0	0	143.094	0	0	13800.70083	13800.70083	0	0	5.723585102
129454388	58.344	148.42	202	CHEVAL	206.764	1	0	0	58.344	0	0	148.42	0	0	8659.41648	8659.41648	0	0	5.308267697
129454462	46.2	145.583	245	CHEVAL	191.783	1	0	0	46.2	0	0	145.583	0	0	6725.9346	6725.9346	0	0	5.501258211
129454522	70.502	198.357	385	CHEVAL	268.859	1	0	0	70.502	0	0	198.357	0	0	13984.56521	13984.56521	0	0	5.953243334
129454542	74.252	211.306	423	CHEVAL	285.558	1	0	0	74.252	0	0	211.306	0	0	15689.89311	15689.89311	0	0	6.047372179
129454554	62.542	222.974	430	CHEVAL	285.516	1	0	0	62.542	0	0	222.974	0	0	13945.23991	13945.23991	0	0	6.063785209
129454560	67.565	201.549	320	CHEVAL	269.114	1	0	0	67.565	0	0	201.549	0	0	13617.65819	13617.65819	0	0	5.768320996
129454752	47.792	176.352	285	CHEVAL	224.144	1	0	0	47.792	0	0	176.352	0	0	8428.214784	8428.214784	0	0	5.65248918
129790530	57.487	345.764	529.5	CHEVAL	403.251	1	0	0	57.487	0	0	345.764	0	0	19876.93507	19876.93507	0	0	6.271933165
129790542	85.129	258.51	445	CHEVAL	343.639	1	0	0	85.129	0	0	258.51	0	0	22006.69779	22006.69779	0	0	6.098074282
129790550	59.725	205.144	335	CHEVAL	264.869	1	0	0	59.725	0	0	205.144	0	0	12252.2254	12252.2254	0	0	5.814130532
129790552	61.129	173.263	260	CHEVAL	234.392	1	0	0	61.129	0	0	173.263	0	0	10591.39393	10591.39393	0	0	5.560681631
129790640	59.518	236.388	350	CHEVAL	295.906	1	0	0	59.518	0	0	236.388	0	0	14069.34098	14069.34098	0	0	5.857933154
129790664	62.168	233.418	315.8	CHEVAL	295.586	1	0	0	62.168	0	0	233.418	0	0	14511.13022	14511.13022	0	0	5.755109102
129790702	240.748	718.72	1275	CHEVAL	959.468	1	0	0	240.748	0	0	718.72	0	0	173030.4026	173030.4026	0	0	7.150701458
129790718	266.112	470.788	975	CHEVAL	736.9	1	0	0	266.112	0	0	470.788	0	0	125282.3363	125282.3363	0	0	6.882437471
129790762	186.921	372.648	567.5	CHEVAL	559.569	1	0	0	186.921	0	0	372.648	0	0	69655.73681	69655.73681	0	0	6.341240749
129790824	152.178	378.055	660	CHEVAL	530.233	1	0	0	152.178	0	0	378.055	0	0	57531.65379	57531.65379	0	0	6.492239835
129790840	165.71	358.439	530	CHEVAL	524.149	1	0	0	165.71	0	0	358.439	0	0	59396.92669	59396.92669	0	0	6.272877007
129790868	129.367	360.519	664	CHEVAL	489.886	1	0	0	129.367	0	0	360.519	0	0	46639.26147	46639.26147	0	0	6.498282149
129790878	124.661	537.378	650	CHEVAL	662.039	1	0	0	124.661	0	0	537.378	0	0	66990.07886	66990.07886	0	0	6.476972363
129790884	157.477	403.668	690	CHEVAL	561.145	1	0	0	157.477	0	0	403.668	0	0	63568.42564	63568.42564	0	0	6.536691598
129795024	78.15	219.512	307.5	CHEVAL	297.662	1	0	0	78.15	0	0	219.512	0	0	17154.8628	17154.8628	0	0	5.728475087
129795030	59.854	227.139	357.5	CHEVAL	286.993	1	0	0	59.854	0	0	227.139	0	0	13595.17771	13595.17771	0	0	5.879135362
129795046	65.125	223.906	330	CHEVAL	289.031	1	0	0	65.125	0	0	223.906	0	0	14581.87825	14581.87825	0	0	5.799092654
129795070	44.864	289.702	450	CHEVAL	334.566	1	0	0	44.864	0	0	289.702	0	0	12997.19053	12997.19053	0	0	6.109247583
129795164	60.6	273.66	458	CHEVAL	334.26	1	0	0	60.6	0	0	273.66	0	0	16583.796	16583.796	0	0	6.126869184
129795202	100.833	484.098	550	CHEVAL	584.931	1	0	0	100.833	0	0	484.098	0	0	48813.05363	48813.05363	0	0	6.309918278
129795208	119.278	455.674	585	CHEVAL	574.952	1	0	0	119.278	0	0	455.674	0	0	54351.88337	54351.88337	0	0	6.371611847
129795268	98.22	418.136	620	CHEVAL	516.356	1	0	0	98.22	0	0	418.136	0	0	41069.31792	41069.31792	0	0	6.429719478
129795272	95.962	517.564	660	CHEVAL	613.526	1	0	0	95.962	0	0	517.564	0	0	49666.47657	49666.47657	0	0	6.492239835
129795306	253.406	710.14	1092	CHEVAL	963.546	1	0	0	253.406	0	0	710.14	0	0	179953.7368	179953.7368	0	0	6.995766156
129795334	172.696	543.672	970	CHEVAL	716.368	1	0	0	172.696	0	0	543.672	0	0	93889.97971	93889.97971	0	0	6.877296071
129795408	134.103	447.25	830	CHEVAL	581.353	1	0	0	134.103	0	0	447.25	0	0	59977.56675	59977.56675	0	0	6.721425701
129795514	94.063	406.919	640	CHEVAL	500.982	1	0	0	94.063	0	0	406.919	0	0	38276.0219	38276.0219	0	0	6.461468176
129795622	178.125	487.319	888	CHEVAL	665.444	1	0	0	178.125	0	0	487.319	0	0	86803.69688	86803.69688	0	0	6.788971743
129795664	291.519	1235.275	1425	CHEVAL	1526.794	1	0	0	291.519	0	0	1235.275	0	0	360106.1327	360106.1327	0	0	7.261927093
129795884	50.576	369.883	525	CHEVAL	420.459	1	0	0	50.576	0	0	369.883	0	0	18707.20261	18707.20261	0	0	6.263398263
129840126	191.788	393.807	630	CHEVAL	585.595	1	0	0	191.788	0	0	393.807	0	0	75527.45692	75527.45692	0	0	6.445719819
129840192	268.824	620.816	1285	CHEVAL	889.64	1	0	0	268.824	0	0	620.816	0	0	166890.2404	166890.2404	0	0	7.158513997
129840200	197.669	875.916	1100	CHEVAL	1073.585	1	0	0	197.669	0	0	875.916	0	0	173141.4398	173141.4398	0	0	7.003065459
129840206	195.575	574.41	800	CHEVAL	769.985	1	0	0	195.575	0	0	574.41	0	0	112340.2357	112340.2357	0	0	6.684611728
129841002	37.646	174.981	250	CHEVAL	212.627	1	0	0	37.646	0	0	174.981	0	0	6587.334726	6587.334726	0	0	5.521460918
129841028	45.175	183.716	344.9	CHEVAL	228.891	1	0	0	45.175	0	0	183.716	0	0	8299.3703	8299.3703	0	0	5.84325452
129842002	107.239	224.514	380	CHEVAL	331.753	1	0	0	107.239	0	0	224.514	0	0	24076.65685	24076.65685	0	0	5.940171253
129842014	129.423	255.217	549.9	CHEVAL	384.64	1	0	0	129.423	0	0	255.217	0	0	33030.94979	33030.94979	0	0	6.309736444
129842020	88.451	333.568	527.5	CHEVAL	422.019	1	0	0	88.451	0	0	333.568	0	0	29504.42317	29504.42317	0	0	6.268148865
129842068	78.634	248.78	544	CHEVAL	327.414	1	0	0	78.634	0	0	248.78	0	0	19562.56652	19562.56652	0	0	6.298949247
129842118	108.576	243.86	545	CHEVAL	352.436	1	0	0	108.576	0	0	243.86	0	0	26477.34336	26477.34336	0	0	6.300785795
129842124	100.378	355.696	537.5	CHEVAL	456.074	1	0	0	100.378	0	0	355.696	0	0	35704.05309	35704.05309	0	0	6.28692876
129842174	215.099	412.893	720	CHEVAL	627.992	1	0	0	215.099	0	0	412.893	0	0	88812.87141	88812.87141	0	0	6.579251212
129843112	93.469	251.975	399	CHEVAL	345.444	1	0	0	93.469	0	0	251.975	0	0	23551.85127	23551.85127	0	0	5.988961417
129843130	84.91	182.603	359.9	CHEVAL	267.513	1	0	0	84.91	0	0	182.603	0	0	15504.82073	15504.82073	0	0	5.885826215
129843132	85.173	254.53	430	CHEVAL	339.703	1	0	0	85.173	0	0	254.53	0	0	21679.08369	21679.08369	0	0	6.063785209
339720104	62.721	171.834	338	HUNGREEN	234.555	0	0	1	0	0	62.721	0	0	171.834	10777.60031	0	0	10777.60031	5.823045895
339720142	64.472	170.509	350	HUNGREEN	234.981	0	0	1	0	0	64.472	0	0	170.509	10993.05625	0	0	10993.05625	5.857933154
339720184	50.09	155.547	311	HUNGREEN	205.637	0	0	1	0	0	50.09	0	0	155.547	7791.34923	0	0	7791.34923	5.739792912
339720196	68.465	172.308	279.9	HUNGREEN	240.773	0	0	1	0	0	68.465	0	0	172.308	11797.06722	0	0	11797.06722	5.634432397
339720198	89.507	171.662	360	HUNGREEN	261.169	0	0	1	0	0	89.507	0	0	171.662	15364.95063	0	0	15364.95063	5.886104031
339720200	53.314	158.557	337	HUNGREEN	211.871	0	0	1	0	0	53.314	0	0	158.557	8453.307898	0	0	8453.307898	5.82008293
339720210	63.14	176.597	355	HUNGREEN	239.737	0	0	1	0	0	63.14	0	0	176.597	11150.33458	0	0	11150.33458	5.872117789
339721528	93.257	171.12	265	HUNGREEN	264.377	0	0	1	0	0	93.257	0	0	171.12	15958.13784	0	0	15958.13784	5.579729826
339721546	76.862	212.689	412.5	HUNGREEN	289.551	0	0	1	0	0	76.862	0	0	212.689	16347.70192	0	0	16347.70192	6.022236206
339721556	77.402	248.328	440	HUNGREEN	325.73	0	0	1	0	0	77.402	0	0	248.328	19221.08386	0	0	19221.08386	6.086774727
339721560	78.48	193.764	380	HUNGREEN	272.244	0	0	1	0	0	78.48	0	0	193.764	15206.59872	0	0	15206.59872	5.940171253
539721626	65.693	227.994	378.5	HUNGREEN	293.687	0	0	1	0	0	65.693	0	0	227.994	14977.60984	0	0	14977.60984	5.936216073
539721640	74.287	217.437	392.5	HUNGREEN	291.724	0	0	1	0	0	74.287	0	0	217.437	16152.74242	0	0	16152.74242	5.972536537
539721654	61.827	215.631	375	HUNGREEN	277.458	0	0	1	0	0	61.827	0	0	215.631	13331.81784	0	0	13331.81784	5.926926026
539721664	57.753	212.498	400	HUNGREEN	270.251	0	0	1	0	0	57.753	0	0	212.498	12272.39699	0	0	12272.39699	5.991464547
594030520	66.751	255.081	460	HUNGREEN	321.832	0	0	1	0	0	66.751	0	0	255.081	17026.91183	0	0	17026.91183	6.131226489
594030558	75.483	207.942	419	HUNGREEN	283.425	0	0	1	0	0	75.483	0	0	207.942	15696.08599	0	0	15696.08599	6.03787092
594030602	55.382	181.996	315	HUNGREEN	237.378	0	0	1	0	0	55.382	0	0	181.996	10079.30247	0	0	10079.30247	5.752572639
594030630	56.069	138.752	327	HUNGREEN	194.821	0	0	1	0	0	56.069	0	0	138.752	7779.685888	0	0	7779.685888	5.789960171
594030688	57.36	181.065	297.5	HUNGREEN	238.425	0	0	1	0	0	57.36	0	0	181.065	10385.8884	0	0	10385.8884	5.695414225
594030690	51.096	138.538	200	HUNGREEN	189.634	0	0	1	0	0	51.096	0	0	138.538	7078.737648	0	0	7078.737648	5.298317367
594030706	66.64	138.752	302.5	HUNGREEN	205.392	0	0	1	0	0	66.64	0	0	138.752	9246.43328	0	0	9246.43328	5.712081277
594030740	41.262	143.047	258	HUNGREEN	184.309	0	0	1	0	0	41.262	0	0	143.047	5902.405314	0	0	5902.405314	5.552959585
594030750	41.262	153.738	280	HUNGREEN	195	0	0	1	0	0	41.262	0	0	153.738	6343.537356	0	0	6343.537356	5.634789603
594030788	105.296	338.103	632.1	HUNGREEN	443.399	0	0	1	0	0	105.296	0	0	338.103	35600.89349	0	0	35600.89349	6.449047609
594030830	63.25	182.458	355	HUNGREEN	245.708	0	0	1	0	0	63.25	0	0	182.458	11540.4685	0	0	11540.4685	5.872117789
594030844	55.2	203.429	338.5	HUNGREEN	258.629	0	0	1	0	0	55.2	0	0	203.429	11229.2808	0	0	11229.2808	5.824524092
594030864	66.792	183.105	399.9	HUNGREEN	249.897	0	0	1	0	0	66.792	0	0	183.105	12229.94916	0	0	12229.94916	5.991214516
594030870	80.333	161.364	330	HUNGREEN	241.697	0	0	1	0	0	80.333	0	0	161.364	12962.85421	0	0	12962.85421	5.799092654
594030896	64.078	176.945	352.5	HUNGREEN	241.023	0	0	1	0	0	64.078	0	0	176.945	11338.28171	0	0	11338.28171	5.865050622
594031028	118.586	297.646	514.9	HUNGREEN	416.232	0	0	1	0	0	118.586	0	0	297.646	35296.64856	0	0	35296.64856	6.243972707
594031038	179.349	671.956	935	HUNGREEN	851.305	0	0	1	0	0	179.349	0	0	671.956	120514.6366	0	0	120514.6366	6.840546529
594031074	90.593	334.942	612.5	HUNGREEN	425.535	0	0	1	0	0	90.593	0	0	334.942	30343.40061	0	0	30343.40061	6.417548942
594031204	50.09	245.495	365	HUNGREEN	295.585	0	0	1	0	0	50.09	0	0	245.495	12296.84455	0	0	12296.84455	5.899897354
594031230	55.098	266.662	335	HUNGREEN	321.76	0	0	1	0	0	55.098	0	0	266.662	14692.54288	0	0	14692.54288	5.814130532
594031256	61.536	219.246	299	HUNGREEN	280.782	0	0	1	0	0	61.536	0	0	219.246	13491.52186	0	0	13491.52186	5.700443573
594031268	67.402	246.493	385	HUNGREEN	313.895	0	0	1	0	0	67.402	0	0	246.493	16614.12119	0	0	16614.12119	5.953243334
594031300	62.339	190.053	285	HUNGREEN	252.392	0	0	1	0	0	62.339	0	0	190.053	11847.71397	0	0	11847.71397	5.65248918
594031310	57.494	237.259	369	HUNGREEN	294.753	0	0	1	0	0	57.494	0	0	237.259	13640.96895	0	0	13640.96895	5.910796644
594031312	58.452	267.666	387	HUNGREEN	326.118	0	0	1	0	0	58.452	0	0	267.666	15645.61303	0	0	15645.61303	5.958424693
594031314	63.983	204.596	379.9	HUNGREEN	268.579	0	0	1	0	0	63.983	0	0	204.596	13090.66587	0	0	13090.66587	5.93990806
594031358	63.242	201.476	345	HUNGREEN	264.718	0	0	1	0	0	63.242	0	0	201.476	12741.74519	0	0	12741.74519	5.843544417
594031508	47.87	140.064	253	HUNGREEN	187.934	0	0	1	0	0	47.87	0	0	140.064	6704.86368	0	0	6704.86368	5.533389489
594031512	66.633	151.272	325	HUNGREEN	217.905	0	0	1	0	0	66.633	0	0	151.272	10079.70718	0	0	10079.70718	5.783825182
594031538	57.738	124.267	240.5	HUNGREEN	182.005	0	0	1	0	0	57.738	0	0	124.267	7174.928046	0	0	7174.928046	5.48272009
594031608	51.266	121.509	224	HUNGREEN	172.775	0	0	1	0	0	51.266	0	0	121.509	6229.280394	0	0	6229.280394	5.411646052
594031609	38.014	99.182	180	HUNGREEN	137.196	0	0	1	0	0	38.014	0	0	99.182	3770.304548	0	0	3770.304548	5.192956851
594031613	45.153	122.194	235	HUNGREEN	167.347	0	0	1	0	0	45.153	0	0	122.194	5517.425682	0	0	5517.425682	5.459585514
594031619	45.721	103.315	215	HUNGREEN	149.036	0	0	1	0	0	45.721	0	0	103.315	4723.665115	0	0	4723.665115	5.370638028
594031624	69.4	130.424	267.3	HUNGREEN	199.824	0	0	1	0	0	69.4	0	0	130.424	9051.4256	0	0	9051.4256	5.588371623
594031720	57.494	170.081	329	HUNGREEN	227.575	0	0	1	0	0	57.494	0	0	170.081	9778.637014	0	0	9778.637014	5.796057751
594031764	59.771	157.625	315	HUNGREEN	217.396	0	0	1	0	0	59.771	0	0	157.625	9421.403875	0	0	9421.403875	5.752572639
594031784	66.149	149.8	300	HUNGREEN	215.949	0	0	1	0	0	66.149	0	0	149.8	9909.1202	0	0	9909.1202	5.703782475
594031826	46.838	100.724	195	HUNGREEN	147.562	0	0	1	0	0	46.838	0	0	100.724	4717.710712	0	0	4717.710712	5.272999559
594031852	30.087	138.226	210	HUNGREEN	168.313	0	0	1	0	0	30.087	0	0	138.226	4158.805662	0	0	4158.805662	5.347107531
594031964	39.558	148.976	264.3	HUNGREEN	188.534	0	0	1	0	0	39.558	0	0	148.976	5893.192608	0	0	5893.192608	5.577084822
594031992	30.087	109.422	210	HUNGREEN	139.509	0	0	1	0	0	30.087	0	0	109.422	3292.179714	0	0	3292.179714	5.347107531
594032058	56.062	209.418	339.9	HUNGREEN	265.48	0	0	1	0	0	56.062	0	0	209.418	11740.39192	0	0	11740.39192	5.828651457
594032066	65.123	206.522	363	HUNGREEN	271.645	0	0	1	0	0	65.123	0	0	206.522	13449.33221	0	0	13449.33221	5.894402834
594032082	72.385	178.953	227.4	HUNGREEN	251.338	0	0	1	0	0	72.385	0	0	178.953	12953.51291	0	0	12953.51291	5.426710581
594032116	52.848	176.334	276	HUNGREEN	229.182	0	0	1	0	0	52.848	0	0	176.334	9318.899232	0	0	9318.899232	5.620400866
594032122	45.041	148.809	290	HUNGREEN	193.85	0	0	1	0	0	45.041	0	0	148.809	6702.506169	0	0	6702.506169	5.669880923
594032132	47.653	145.332	290	HUNGREEN	192.985	0	0	1	0	0	47.653	0	0	145.332	6925.505796	0	0	6925.505796	5.669880923
594032156	51.074	175.803	330	HUNGREEN	226.877	0	0	1	0	0	51.074	0	0	175.803	8978.962422	0	0	8978.962422	5.799092654
594032160	42.346	142.131	259	HUNGREEN	184.477	0	0	1	0	0	42.346	0	0	142.131	6018.679326	0	0	6018.679326	5.556828062
594032172	42.346	137.685	265	HUNGREEN	180.031	0	0	1	0	0	42.346	0	0	137.685	5830.40901	0	0	5830.40901	5.579729826
594032174	51.074	120.163	230	HUNGREEN	171.237	0	0	1	0	0	51.074	0	0	120.163	6137.205062	0	0	6137.205062	5.438079309
594032224	66.457	289.978	485	HUNGREEN	356.435	0	0	1	0	0	66.457	0	0	289.978	19271.06795	0	0	19271.06795	6.184148891
594032244	71.946	279.151	425	HUNGREEN	351.097	0	0	1	0	0	71.946	0	0	279.151	20083.79785	0	0	20083.79785	6.052089169
594032268	195.792	358.845	482	HUNGREEN	554.637	0	0	1	0	0	195.792	0	0	358.845	70258.98024	0	0	70258.98024	6.177944114
594032282	86.165	260.072	375	HUNGREEN	346.237	0	0	1	0	0	86.165	0	0	260.072	22409.10388	0	0	22409.10388	5.926926026
594032356	46.305	130.322	255	HUNGREEN	176.627	0	0	1	0	0	46.305	0	0	130.322	6034.56021	0	0	6034.56021	5.541263545
594032390	51.552	129.965	230	HUNGREEN	181.517	0	0	1	0	0	51.552	0	0	129.965	6699.95568	0	0	6699.95568	5.438079309
594032460	63.118	202.761	352	HUNGREEN	265.879	0	0	1	0	0	63.118	0	0	202.761	12797.8688	0	0	12797.8688	5.863631176
594032488	55.2	188.204	307.5	HUNGREEN	243.404	0	0	1	0	0	55.2	0	0	188.204	10388.8608	0	0	10388.8608	5.728475087
594032494	55.2	218.791	330	HUNGREEN	273.991	0	0	1	0	0	55.2	0	0	218.791	12077.2632	0	0	12077.2632	5.799092654
594032496	55.2	205.32	350	HUNGREEN	260.52	0	0	1	0	0	55.2	0	0	205.32	11333.664	0	0	11333.664	5.857933154
594032522	57.959	122.785	239	HUNGREEN	180.744	0	0	1	0	0	57.959	0	0	122.785	7116.495815	0	0	7116.495815	5.476463552
594032530	47.889	150.378	249.9	HUNGREEN	198.267	0	0	1	0	0	47.889	0	0	150.378	7201.452042	0	0	7201.452042	5.521060838
594032562	38.014	137.906	244	HUNGREEN	175.92	0	0	1	0	0	38.014	0	0	137.906	5242.358684	0	0	5242.358684	5.497168225
594032574	38.014	139.968	250	HUNGREEN	177.982	0	0	1	0	0	38.014	0	0	139.968	5320.743552	0	0	5320.743552	5.521460918
594032596	38.014	143.253	255	HUNGREEN	181.267	0	0	1	0	0	38.014	0	0	143.253	5445.619542	0	0	5445.619542	5.541263545
594032628	88.794	196.731	265	HUNGREEN	285.525	0	0	1	0	0	88.794	0	0	196.731	17468.53241	0	0	17468.53241	5.579729826
594032732	45.633	147.312	255	HUNGREEN	192.945	0	0	1	0	0	45.633	0	0	147.312	6722.288496	0	0	6722.288496	5.541263545
594032750	290.716	671.569	940	HUNGREEN	962.285	0	0	1	0	0	290.716	0	0	671.569	195235.8534	0	0	195235.8534	6.845879875
594032830	34.863	101.046	175	HUNGREEN	135.909	0	0	1	0	0	34.863	0	0	101.046	3522.766698	0	0	3522.766698	5.164785974
594032834	34.863	112.295	188	HUNGREEN	147.158	0	0	1	0	0	34.863	0	0	112.295	3914.940585	0	0	3914.940585	5.236441963
594032836	34.863	160.005	245	HUNGREEN	194.868	0	0	1	0	0	34.863	0	0	160.005	5578.254315	0	0	5578.254315	5.501258211
594032842	47.636	164.848	310	HUNGREEN	212.484	0	0	1	0	0	47.636	0	0	164.848	7852.699328	0	0	7852.699328	5.736572297
594032978	71.087	281.222	399	HUNGREEN	352.309	0	0	1	0	0	71.087	0	0	281.222	19991.22831	0	0	19991.22831	5.988961417
594032988	63.707	299.501	464	HUNGREEN	363.208	0	0	1	0	0	63.707	0	0	299.501	19080.31021	0	0	19080.31021	6.139884552
594033174	91.236	218.859	429.5	HUNGREEN	310.095	0	0	1	0	0	91.236	0	0	218.859	19967.81972	0	0	19967.81972	6.062621741
594033306	194.539	429.778	657.5	HUNGREEN	624.317	0	0	1	0	0	194.539	0	0	429.778	83608.58234	0	0	83608.58234	6.488444764
594033316	215.578	503.127	1050	HUNGREEN	718.705	0	0	1	0	0	215.578	0	0	503.127	108463.1124	0	0	108463.1124	6.956545443
594033418	75.042	241.969	340	HUNGREEN	317.011	0	0	1	0	0	75.042	0	0	241.969	18157.8377	0	0	18157.8377	5.828945618
594033432	60.483	237.543	355	HUNGREEN	298.026	0	0	1	0	0	60.483	0	0	237.543	14367.31327	0	0	14367.31327	5.872117789
594033458	55.2	217.686	285	HUNGREEN	272.886	0	0	1	0	0	55.2	0	0	217.686	12016.2672	0	0	12016.2672	5.65248918
594033462	55.66	202.567	380	HUNGREEN	258.227	0	0	1	0	0	55.66	0	0	202.567	11274.87922	0	0	11274.87922	5.940171253
594033490	74.382	211.371	360	HUNGREEN	285.753	0	0	1	0	0	74.382	0	0	211.371	15722.19772	0	0	15722.19772	5.886104031
594033570	51.756	149.202	300	HUNGREEN	200.958	0	0	1	0	0	51.756	0	0	149.202	7722.098712	0	0	7722.098712	5.703782475
594033652	44.656	111.343	215.5	HUNGREEN	155.999	0	0	1	0	0	44.656	0	0	111.343	4972.133008	0	0	4972.133008	5.37296091
594033670	33.472	97.689	198	HUNGREEN	131.161	0	0	1	0	0	33.472	0	0	97.689	3269.846208	0	0	3269.846208	5.288267031
594033682	38.915	121.244	235	HUNGREEN	160.159	0	0	1	0	0	38.915	0	0	121.244	4718.21026	0	0	4718.21026	5.459585514
594033690	33.839	108.825	208	HUNGREEN	142.664	0	0	1	0	0	33.839	0	0	108.825	3682.529175	0	0	3682.529175	5.33753808
594033724	42.736	113.032	220	HUNGREEN	155.768	0	0	1	0	0	42.736	0	0	113.032	4830.535552	0	0	4830.535552	5.393627546
594033760	39.557	149.85	251.5	HUNGREEN	189.407	0	0	1	0	0	39.557	0	0	149.85	5927.61645	0	0	5927.61645	5.52744299
594033862	52.703	215.807	333.5	HUNGREEN	268.51	0	0	1	0	0	52.703	0	0	215.807	11373.67632	0	0	11373.67632	5.809642865
594033864	52.268	200.738	345	HUNGREEN	253.006	0	0	1	0	0	52.268	0	0	200.738	10492.17378	0	0	10492.17378	5.843544417
594033882	56.327	260.544	460	HUNGREEN	316.871	0	0	1	0	0	56.327	0	0	260.544	14675.66189	0	0	14675.66189	6.131226489
594033898	53.573	266.783	389.9	HUNGREEN	320.356	0	0	1	0	0	53.573	0	0	266.783	14292.36566	0	0	14292.36566	5.965890296
594033912	52.268	241.07	378	HUNGREEN	293.338	0	0	1	0	0	52.268	0	0	241.07	12600.24676	0	0	12600.24676	5.934894196
594033926	52.268	202.9	345	HUNGREEN	255.168	0	0	1	0	0	52.268	0	0	202.9	10605.1772	0	0	10605.1772	5.843544417
594033980	93.315	359.206	620	HUNGREEN	452.521	0	0	1	0	0	93.315	0	0	359.206	33519.30789	0	0	33519.30789	6.429719478
594033992	91.59	305.543	500	HUNGREEN	397.133	0	0	1	0	0	91.59	0	0	305.543	27984.68337	0	0	27984.68337	6.214608098
1692620000	481.211	448.336	1025	DAVISISLE	929.547	0	1	0	0	481.211	0	0	448.336	0	215744.2149	0	215744.2149	0	6.932447892
1692680000	2335.608	2381.464	6275	DAVISISLE	4717.072	0	1	0	0	2335.608	0	0	2381.464	0	5562166.37	0	5562166.37	0	8.744328764
1692850000	317.918	83.44	495	DAVISISLE	401.358	0	1	0	0	317.918	0	0	83.44	0	26527.07792	0	26527.07792	0	6.204557763
1693580000	811.555	1561.859	3000	DAVISISLE	2373.414	0	1	0	0	811.555	0	0	1561.859	0	1267534.481	0	1267534.481	0	8.006367568
1693590000	842.458	1415.624	2875	DAVISISLE	2258.082	0	1	0	0	842.458	0	0	1415.624	0	1192603.764	0	1192603.764	0	7.963807953
1694050100	410.59	317.427	707	DAVISISLE	728.017	0	1	0	0	410.59	0	0	317.427	0	130332.3519	0	130332.3519	0	6.561030666
1694170000	448.131	191.624	820	DAVISISLE	639.755	0	1	0	0	448.131	0	0	191.624	0	85872.65474	0	85872.65474	0	6.70930434
1694350000	503.121	94.983	760	DAVISISLE	598.104	0	1	0	0	503.121	0	0	94.983	0	47787.94194	0	47787.94194	0	6.633318433
1694450000	480.427	791.605	2000	DAVISISLE	1272.032	0	1	0	0	480.427	0	0	791.605	0	380308.4153	0	380308.4153	0	7.60090246
1694470000	357.738	87.53	574.9	DAVISISLE	445.268	0	1	0	0	357.738	0	0	87.53	0	31312.80714	0	31312.80714	0	6.354196113
1947780000	340.981	203.306	689	DAVISISLE	544.287	0	1	0	0	340.981	0	0	203.306	0	69323.48319	0	69323.48319	0	6.535241271
1947940010	238.859	187.997	665	DAVISISLE	426.856	0	1	0	0	238.859	0	0	187.997	0	44904.77542	0	44904.77542	0	6.499787041
1947970000	383.746	86.791	817	DAVISISLE	470.537	0	1	0	0	383.746	0	0	86.791	0	33305.69909	0	33305.69909	0	6.705639095
1947980000	384.199	114.206	715	DAVISISLE	498.405	0	1	0	0	384.199	0	0	114.206	0	43877.83099	0	43877.83099	0	6.572282543
1948060000	333.153	180.639	737.5	DAVISISLE	513.792	0	1	0	0	333.153	0	0	180.639	0	60180.42477	0	60180.42477	0	6.603266088
1948520000	1650	1359.712	5200	DAVISISLE	3009.712	0	1	0	0	1650	0	0	1359.712	0	2243524.8	0	2243524.8	0	8.556413905
1948980000	985.87	609.609	1907.5	DAVISISLE	1595.479	0	1	0	0	985.87	0	0	609.609	0	600995.2248	0	600995.2248	0	7.553548763
1949190000	960	1891.072	3414.7	DAVISISLE	2851.072	0	1	0	0	960	0	0	1891.072	0	1815429.12	0	1815429.12	0	8.13584492
1949560100	261.9	649.318	965	DAVISISLE	911.218	0	1	0	0	261.9	0	0	649.318	0	170056.3842	0	170056.3842	0	6.872128101
1949580000	261.9	92.362	444	DAVISISLE	354.262	0	1	0	0	261.9	0	0	92.362	0	24189.6078	0	24189.6078	0	6.095824562
1949870000	256.662	661.573	1300	DAVISISLE	918.235	0	1	0	0	256.662	0	0	661.573	0	169800.6493	0	169800.6493	0	7.170119543
1949890000	275.319	173.129	556	DAVISISLE	448.448	0	1	0	0	275.319	0	0	173.129	0	47665.70315	0	47665.70315	0	6.320768294
1950020000	219.575	70.997	465	DAVISISLE	290.572	0	1	0	0	219.575	0	0	70.997	0	15589.16628	0	15589.16628	0	6.142037406
1950730000	365.788	538.45	969	DAVISISLE	904.238	0	1	0	0	365.788	0	0	538.45	0	196958.5486	0	196958.5486	0	6.876264612
1951100000	327.75	79.798	535	DAVISISLE	407.548	0	1	0	0	327.75	0	0	79.798	0	26153.7945	0	26153.7945	0	6.282266747
1951140000	389.804	145.192	650	DAVISISLE	534.996	0	1	0	0	389.804	0	0	145.192	0	56596.42237	0	56596.42237	0	6.476972363
1951320000	480.125	554.467	1427	DAVISISLE	1034.592	0	1	0	0	480.125	0	0	554.467	0	266213.4684	0	266213.4684	0	7.263329617
1951580000	373.248	85.163	575	DAVISISLE	458.411	0	1	0	0	373.248	0	0	85.163	0	31786.91942	0	31786.91942	0	6.354370041
1952300000	230	41.171	396	DAVISISLE	271.171	0	1	0	0	230	0	0	41.171	0	9469.33	0	9469.33	0	5.981414211
1952380000	273.24	156.327	685	DAVISISLE	429.567	0	1	0	0	273.24	0	0	156.327	0	42714.78948	0	42714.78948	0	6.529418838
1952480000	318.441	42.537	415	DAVISISLE	360.978	0	1	0	0	318.441	0	0	42.537	0	13545.52482	0	13545.52482	0	6.02827852
1952530000	232.024	75.669	527	DAVISISLE	307.693	0	1	0	0	232.024	0	0	75.669	0	17557.02406	0	17557.02406	0	6.267200549
1952650000	399.28	342.649	915	DAVISISLE	741.929	0	1	0	0	399.28	0	0	342.649	0	136812.8927	0	136812.8927	0	6.818924065
1953500000	312.328	51.079	435	DAVISISLE	363.407	0	1	0	0	312.328	0	0	51.079	0	15953.40191	0	15953.40191	0	6.075346031
1953660050	237.029	275.421	630	DAVISISLE	512.45	0	1	0	0	237.029	0	0	275.421	0	65282.76421	0	65282.76421	0	6.445719819
1953770000	456.511	154.518	855	DAVISISLE	611.029	0	1	0	0	456.511	0	0	154.518	0	70539.1667	0	70539.1667	0	6.751101469
1953920000	236.808	47.99	430	DAVISISLE	284.798	0	1	0	0	236.808	0	0	47.99	0	11364.41592	0	11364.41592	0	6.063785209
1954100000	504.893	148.901	840	DAVISISLE	653.794	0	1	0	0	504.893	0	0	148.901	0	75179.07259	0	75179.07259	0	6.733401892
1954130000	477.193	993.458	1750	DAVISISLE	1470.651	0	1	0	0	477.193	0	0	993.458	0	474071.2034	0	474071.2034	0	7.467371067
1954150000	475.86	117.937	789	DAVISISLE	593.797	0	1	0	0	475.86	0	0	117.937	0	56121.50082	0	56121.50082	0	6.670766321
1954160100	449.912	1160.46	1950	DAVISISLE	1610.372	0	1	0	0	449.912	0	0	1160.46	0	522104.8795	0	522104.8795	0	7.575584652
1954170000	452.182	1192.4	1850	DAVISISLE	1644.582	0	1	0	0	452.182	0	0	1192.4	0	539181.8168	0	539181.8168	0	7.522940918
1954190000	359.381	565.862	1355	DAVISISLE	925.243	0	1	0	0	359.381	0	0	565.862	0	203360.0514	0	203360.0514	0	7.211556733
1954280000	892.99	1431.695	3325	DAVISISLE	2324.685	0	1	0	0	892.99	0	0	1431.695	0	1278489.318	0	1278489.318	0	8.109224953
1954310000	442.728	297.405	1530	DAVISISLE	740.133	0	1	0	0	442.728	0	0	297.405	0	131669.5208	0	131669.5208	0	7.333023014
1954560100	508.8	521.186	1805	DAVISISLE	1029.986	0	1	0	0	508.8	0	0	521.186	0	265179.4368	0	265179.4368	0	7.498315871
1954700000	514.396	348.356	905	DAVISISLE	862.752	0	1	0	0	514.396	0	0	348.356	0	179192.933	0	179192.933	0	6.807934944
1954940200	375.624	532.621	1225	DAVISISLE	908.245	0	1	0	0	375.624	0	0	532.621	0	200065.2305	0	200065.2305	0	7.110696123
1955480000	476.582	106.54	762.5	DAVISISLE	583.122	0	1	0	0	476.582	0	0	106.54	0	50775.04628	0	50775.04628	0	6.636602508
1955520000	371.551	158.102	762	DAVISISLE	529.653	0	1	0	0	371.551	0	0	158.102	0	58742.9562	0	58742.9562	0	6.635946556
1955530000	372.996	77.722	550	DAVISISLE	450.718	0	1	0	0	372.996	0	0	77.722	0	28989.99511	0	28989.99511	0	6.309918278
1955550000	369.31	53.77	487.5	DAVISISLE	423.08	0	1	0	0	369.31	0	0	53.77	0	19857.7987	0	19857.7987	0	6.18929029
1955620000	463.514	118.077	725	DAVISISLE	581.591	0	1	0	0	463.514	0	0	118.077	0	54730.34258	0	54730.34258	0	6.586171655
1955810000	452.758	838.06	2200	DAVISISLE	1290.818	0	1	0	0	452.758	0	0	838.06	0	379438.3695	0	379438.3695	0	7.696212639
1956130000	493.032	109.212	690.3	DAVISISLE	602.244	0	1	0	0	493.032	0	0	109.212	0	53845.01078	0	53845.01078	0	6.537126286
1956310000	760.32	1090.584	2780	DAVISISLE	1850.904	0	1	0	0	760.32	0	0	1090.584	0	829192.8269	0	829192.8269	0	7.930206207
1956700000	409.759	198.166	890	DAVISISLE	607.925	0	1	0	0	409.759	0	0	198.166	0	81200.30199	0	81200.30199	0	6.791221463
1956930000	216.271	34.982	383.8	DAVISISLE	251.253	0	1	0	0	216.271	0	0	34.982	0	7565.592122	0	7565.592122	0	5.950121584
1957090000	324.755	898.822	1660	DAVISISLE	1223.577	0	1	0	0	324.755	0	0	898.822	0	291896.9386	0	291896.9386	0	7.414572881
1957550000	656.37	361.34	1350	DAVISISLE	1017.71	0	1	0	0	656.37	0	0	361.34	0	237172.7358	0	237172.7358	0	7.207859871
1957660000	594.181	347.073	1150	DAVISISLE	941.254	0	1	0	0	594.181	0	0	347.073	0	206224.1822	0	206224.1822	0	7.047517221
1957750000	294.492	421.073	905	DAVISISLE	715.565	0	1	0	0	294.492	0	0	421.073	0	124002.6299	0	124002.6299	0	6.807934944
1958170000	447.408	589.729	1325	DAVISISLE	1037.137	0	1	0	0	447.408	0	0	589.729	0	263849.4724	0	263849.4724	0	7.189167738
1958350000	330.72	244.592	800	DAVISISLE	575.312	0	1	0	0	330.72	0	0	244.592	0	80891.46624	0	80891.46624	0	6.684611728
1958450100	315.982	565.172	1080	DAVISISLE	881.154	0	1	0	0	315.982	0	0	565.172	0	178584.1789	0	178584.1789	0	6.98471632
1958490000	357.387	160.697	655	DAVISISLE	518.084	0	1	0	0	357.387	0	0	160.697	0	57431.01874	0	57431.01874	0	6.484635236
1958560000	282.915	120.63	593	DAVISISLE	403.545	0	1	0	0	282.915	0	0	120.63	0	34128.03645	0	34128.03645	0	6.385194399
1958650000	223.1	509.016	947.4	DAVISISLE	732.116	0	1	0	0	223.1	0	0	509.016	0	113561.4696	0	113561.4696	0	6.85372139
1958690000	339.359	457.811	945	DAVISISLE	797.17	0	1	0	0	339.359	0	0	457.811	0	155362.2831	0	155362.2831	0	6.851184927
1958800000	377.304	1359.942	1600	DAVISISLE	1737.246	0	1	0	0	377.304	0	0	1359.942	0	513111.5564	0	513111.5564	0	7.377758908
1958900000	285.181	50.974	395	DAVISISLE	336.155	0	1	0	0	285.181	0	0	50.974	0	14536.81629	0	14536.81629	0	5.978885765
1959210000	203.136	52.582	423	DAVISISLE	255.718	0	1	0	0	203.136	0	0	52.582	0	10681.29715	0	10681.29715	0	6.047372179
1959220000	294.362	56.084	469	DAVISISLE	350.446	0	1	0	0	294.362	0	0	56.084	0	16508.99841	0	16508.99841	0	6.150602768
1959390000	220.8	52.078	450	DAVISISLE	272.878	0	1	0	0	220.8	0	0	52.078	0	11498.8224	0	11498.8224	0	6.109247583
1959450000	220.8	99.192	455	DAVISISLE	319.992	0	1	0	0	220.8	0	0	99.192	0	21901.5936	0	21901.5936	0	6.120297419
1959480000	220.8	518.265	675	DAVISISLE	739.065	0	1	0	0	220.8	0	0	518.265	0	114432.912	0	114432.912	0	6.514712691
1959830000	227.654	51.27	325	DAVISISLE	278.924	0	1	0	0	227.654	0	0	51.27	0	11671.82058	0	11671.82058	0	5.783825182
1959890000	225.216	90.799	495	DAVISISLE	316.015	0	1	0	0	225.216	0	0	90.799	0	20449.38758	0	20449.38758	0	6.204557763
1960230000	296.24	62.154	383	DAVISISLE	358.394	0	1	0	0	296.24	0	0	62.154	0	18412.50096	0	18412.50096	0	5.948034989
1960300000	325.22	134.207	560	DAVISISLE	459.427	0	1	0	0	325.22	0	0	134.207	0	43646.80054	0	43646.80054	0	6.327936784
1960370000	220.8	399.822	942.5	DAVISISLE	620.622	0	1	0	0	220.8	0	0	399.822	0	88280.6976	0	88280.6976	0	6.848535919
1960800000	236.9	44.122	425	DAVISISLE	281.022	0	1	0	0	236.9	0	0	44.122	0	10452.5018	0	10452.5018	0	6.052089169
1962950104	220.8	240.746	599.9	DAVISISLE	461.546	0	1	0	0	220.8	0	0	240.746	0	53156.7168	0	53156.7168	0	6.396762975
1962980000	447.552	532.149	1125	DAVISISLE	979.701	0	1	0	0	447.552	0	0	532.149	0	238164.3492	0	238164.3492	0	7.025538315
1963110050	263.959	414.224	966.5	DAVISISLE	678.183	0	1	0	0	263.959	0	0	414.224	0	109338.1528	0	109338.1528	0	6.873681299
1963430000	359.149	68.96	490	DAVISISLE	428.109	0	1	0	0	359.149	0	0	68.96	0	24766.91504	0	24766.91504	0	6.194405391
1964170000	345	75.444	495	DAVISISLE	420.444	0	1	0	0	345	0	0	75.444	0	26028.18	0	26028.18	0	6.204557763
1965900000	271.736	107.674	495	DAVISISLE	379.41	0	1	0	0	271.736	0	0	107.674	0	29258.90206	0	29258.90206	0	6.204557763
1967080000	329.438	158.375	705.3	DAVISISLE	487.813	0	1	0	0	329.438	0	0	158.375	0	52174.74325	0	52174.74325	0	6.558623244
1967120000	278.496	85.355	442.5	DAVISISLE	363.851	0	1	0	0	278.496	0	0	85.355	0	23771.02608	0	23771.02608	0	6.092440464
1967880000	328.776	82.479	698	DAVISISLE	411.255	0	1	0	0	328.776	0	0	82.479	0	27117.1157	0	27117.1157	0	6.548219103
1968140000	264.96	583.907	1000	DAVISISLE	848.867	0	1	0	0	264.96	0	0	583.907	0	154711.9987	0	154711.9987	0	6.907755279
1968160000	272.295	24.795	400	DAVISISLE	297.09	0	1	0	0	272.295	0	0	24.795	0	6751.554525	0	6751.554525	0	5.991464547
1968510000	328.868	562.018	1125	DAVISISLE	890.886	0	1	0	0	328.868	0	0	562.018	0	184829.7356	0	184829.7356	0	7.025538315
