CONTRACT	COST	DOTEST	STATUS	STA_DOT
1	13.7943	13.8629	1	13.8629
2	1.3403	0.8571	1	0.8571
3	2.0233	2.4889	0	0
4	3.9712	4.6749	0	0
5	1.5854	1.1772	1	1.1772
6	11.2811	10.0891	1	10.0891
7	4.0033	4.7298	1	4.7298
8	5.8164	7.8539	0	0
9	3.5396	3.7002	0	0
10	1.3871	1.7425	0	0
11	3.8366	4.1095	1	4.1095
12	39.1094	34.0594	1	34.0594
13	3.6292	3.8596	0	0
14	1.965	2.3541	0	0
15	6.3799	6.2741	0	0
16	1.5206	1.754	1	1.754
17	3.75	4.3233	0	0
18	22.8456	14.9904	1	14.9904
19	5.5145	4.9774	1	4.9774
20	2.3967	1.9465	1	1.9465
21	2.0787	1.6799	1	1.6799
22	6.4048	7.678	0	0
23	2.3054	2.603	1	2.603
24	2.9987	2.4704	1	2.4704
25	23.6884	24.5677	0	0
26	4.9649	8.794	0	0
27	15.6487	13.034	1	13.034
28	73.8703	61.0793	0	0
29	1.9568	1.9909	0	0
30	8.3047	7.1546	1	7.1546
31	1.7906	2.0872	0	0
32	1.5035	1.9909	0	0
33	2.4006	4.2924	0	0
34	5.8681	7.0985	0	0
35	5.3717	6.7641	0	0
36	3.9269	4.9055	0	0
37	2.1647	4.0647	0	0
38	15.5937	19.2531	0	0
39	0.8831	1.4307	0	0
40	2.6845	3.0809	0	0
41	1.8902	2.6955	0	0
42	1.9281	2.277	0	0
43	2.5622	4.3679	0	0
44	1.1361	1.3239	0	0
45	1.2499	1.2161	0	0
46	1.1657	1.1421	0	0
47	1.4313	1.7271	0	0
48	0.3619	0.6444	0	0
49	25.1839	31.2439	0	0
50	13.5351	16.1753	0	0
51	3.3282	3.7637	0	0
52	2.025	3.0032	0	0
53	60.4331	70.7499	0	0
54	22.8081	28.2387	0	0
55	0.9992	1.1899	1	1.1899
56	14.6159	17.7472	0	0
57	12.1757	13.4108	0	0
58	2.5844	3.0644	0	0
59	1.1542	1.1794	0	0
60	4.6393	5.4001	0	0
61	7.2886	7.6302	0	0
62	39.2992	39.4157	0	0
63	1.8169	1.9482	0	0
64	4.7947	4.8717	0	0
65	0.9348	0.9236	0	0
66	23.0107	25.056	0	0
67	1.3606	1.8109	0	0
68	1.4406	2.5292	0	0
69	0.6517	0.8475	0	0
70	1.6133	1.6403	0	0
71	11.3854	12.5462	0	0
72	0.8479	0.9763	0	0
73	7.4913	8.5934	0	0
74	0.4367	0.4109	0	0
75	29.2071	28.125	0	0
76	0.3263	0.4005	0	0
77	11.1512	11.4853	0	0
78	0.5066	0.5986	0	0
79	22.2934	24.346	0	0
80	21.5985	26.9859	0	0
81	0.4591	0.6189	0	0
82	1.2731	1.3752	0	0
83	1.4781	1.4334	1	1.4334
84	4.7071	4.4775	0	0
85	1.8867	2.0246	0	0
86	47.6517	50.3594	0	0
87	1.6853	1.6367	0	0
88	0.9586	0.9563	0	0
89	1.0692	1.0789	0	0
90	6.9848	6.4643	0	0
91	7.96	9.6969	0	0
92	6.8973	8.0161	0	0
93	8.3184	9.0684	0	0
94	21.5015	21.6137	0	0
95	1.6975	1.8732	0	0
96	9.2358	8.8737	0	0
97	25.2747	26.1681	0	0
98	7.2658	7.7827	0	0
99	11.871	15.7345	0	0
100	1.3802	1.4928	0	0
101	1.4756	1.6223	0	0
102	0.9424	1.1609	0	0
103	5.8052	6.7541	0	0
104	4.4552	4.3503	0	0
105	1.1046	1.2007	0	0
106	0.4517	0.6828	0	0
107	8.006	10.3145	0	0
108	4.9547	5.4181	0	0
109	13.7006	13.7792	0	0
110	6.0751	8.0909	0	0
111	1.5272	1.6124	0	0
112	7.282	9.1697	0	0
113	1.8159	1.4646	0	0
114	4.6292	5.0479	0	0
115	1.6938	1.4451	0	0
116	24.7326	26.1824	0	0
117	23.4677	24.4781	0	0
118	1.7042	1.9675	0	0
119	0.7785	1.0991	0	0
120	47.7088	75.1133	0	0
121	3.0334	3.4122	0	0
122	3.9598	4.19	0	0
123	1.5055	1.7448	0	0
124	14.0408	15.7383	0	0
125	16.9166	16.2708	0	0
126	51.9622	63.6513	0	0
127	38.1588	49.6082	0	0
128	1.2262	0.9538	0	0
129	15.7115	17.5921	0	0
130	43.8547	55.5682	0	0
131	44.9756	51.863	0	0
132	0.2367	0.3254	0	0
133	10.4886	10.4053	0	0
134	2.3951	3.1511	0	0
135	2.6064	3.518	0	0
136	1.3889	1.2331	0	0
137	1.2838	1.5189	0	0
138	2.8498	3.1597	0	0
139	0.7732	1.0104	0	0
140	54.1151	50.8625	0	0
141	38.646	39.9103	0	0
142	29.7603	28.3243	0	0
143	2.5751	2.0586	1	2.0586
144	0.3644	0.4204	0	0
145	1.8252	2.2313	0	0
146	13.6707	14.3362	0	0
147	0.7681	0.7525	1	0.7525
148	17.4788	14.9345	0	0
149	57.3442	54.2731	0	0
150	58.847	60.9741	0	0
151	3.4652	3.311	0	0
152	6.464	8.1854	0	0
153	7.6084	7.1824	1	7.1824
154	1.6977	1.7595	1	1.7595
155	1.3879	1.5162	0	0
156	3.4676	3.9421	0	0
157	10.8217	10.8587	0	0
158	2.5368	2.7093	0	0
159	4.3315	5.4526	0	0
160	102.7045	104.674	0	0
161	13.9803	14.1473	0	0
162	21.4088	21.5201	0	0
163	65.8411	59.4935	0	0
164	6.6677	6.4152	0	0
165	1.0809	0.9956	0	0
166	1.061	0.9529	0	0
167	5.4964	4.1308	1	4.1308
168	12.7204	9.4946	1	9.4946
169	1.2282	1.3226	0	0
170	3.5945	3.3345	0	0
171	17.3147	16.7253	0	0
172	0.3172	0.283	0	0
173	32.9996	28.0589	1	28.0589
174	4.8056	4.8031	0	0
175	6.7309	6.5581	0	0
176	1.1699	0.9994	1	0.9994
177	11.5739	8.9121	1	8.9121
178	1.668	1.3199	1	1.3199
179	6.6853	5.9689	1	5.9689
180	76.2216	78.7119	0	0
181	2.0132	1.8294	0	0
182	12.7008	13.0633	1	13.0633
183	10.5514	11.4865	0	0
184	52.1223	50.9086	0	0
185	56.5486	54.4759	1	54.4759
186	8.5646	9.3814	0	0
187	0.8898	0.6606	1	0.6606
188	2	1.6899	1	1.6899
189	2.3404	1.7974	0	0
190	1.1656	1.2585	0	0
191	0.8211	0.9304	0	0
192	2.0781	2.1425	0	0
193	4.6328	4.7489	0	0
194	73.8555	84.6087	0	0
195	0.9166	1.0031	0	0
196	5.4616	6.2292	0	0
197	7.403	8.1026	0	0
198	8.8844	8.833	1	8.833
199	6.5675	7.5082	1	7.5082
200	18.8439	15.5049	1	15.5049
201	44.4813	41.9779	1	41.9779
202	2.582	1.8195	1	1.8195
203	19.4963	18.8083	1	18.8083
204	2.3528	2.3075	1	2.3075
205	0.3518	0.3921	0	0
206	2.4476	2.2188	1	2.2188
207	6.4892	5.6388	1	5.6388
208	3.9147	3.5853	1	3.5853
209	2.6778	2.4991	1	2.4991
210	21.3004	20.1987	0	0
211	3.0123	3.0319	1	3.0319
212	10.779	8.7872	1	8.7872
213	9.2738	9.0203	0	0
214	2.417	2.4397	1	2.4397
215	0.6579	0.8236	0	0
216	12.0844	12.3033	0	0
217	94.5335	94.7973	0	0
218	70.9811	82.968	0	0
219	9.1206	11.3765	0	0
220	2.5999	3.1959	1	3.1959
221	89.9225	107.436	0	0
222	3.3988	4.2882	0	0
223	8.3366	8.5974	1	8.5974
224	48.3382	62.2504	0	0
225	2.7194	2.2389	1	2.2389
226	29.6628	44.3347	0	0
227	5.7737	7.0107	0	0
228	104.8032	102.7629	0	0
229	4.6239	4.4419	0	0
230	25.5819	27.4105	0	0
231	28.1491	28.1673	0	0
232	1.1981	1.2216	0	0
233	31.8486	33.7304	0	0
234	4.732	5.4801	0	0
235	4.0048	4.9668	0	0
