RDER
-19.27056574
-3.228750821
-10.57492689
6.884704893
10.43650178
-11.62234201
12.82842391
38.99531103
44.06944767
32.99236559
43.41825418
43.46912598
29.30718161
17.32840796
32.54198085
36.12665901
38.77456368
18.24528862
23.66382063
28.01312897
22.01346652
23.87889976
37.81383622
61.98417169
50.02319694
51.21806481
60.30553668
51.31822361
55.47502023
50.84301595
46.18656607
52.54345003
73.02583719
63.43403102
56.79207134
55.06988105
72.56296171
58.02954734
48.46374113
59.36150875
65.43066351
97.99613932
86.37692335
85.31646808
86.25257095
102.8009883
101.4437313
96.14645034
77.89492404
82.72751562
78.02643399
95.31059869
81.99289529
76.11231017
127.6386489
107.2884362
134.8042154
121.6026095
110.7325092
133.2416829
117.1551874
113.3306396
143.2267702
168.113938
220.4962298
214.6173025
220.82074
203.5088914
254.1091146
250.5988538
233.5265685
