Taster	Group	PSI	PHI-F	PHI-L	OJ	CC	PP	GF	BC
1	gLMS	66	68	-42	40	53	57	-32	-18
2	gLMS	39	64	-21	-7	-2	-22	-27	-49
3	gLMS	69	81	-28	20	16	-18	-46	22
4	gLMS	61	23	-98	46	19	55	-41	-92
5	gLMS	35	41	-46	-2	36	69	-51	9
6	gLMS	54	43	-64	-13	-3	-34	-32	-3
7	gLMS	40	52	-37	22	-37	-42	-24	-37
8	gLMS	57	29	-86	29	-36	4	-21	32
9	gLMS	86	47	-91	38	-3	19	-27	-43
10	gLMS	62	75	-28	12	24	33	2	-53
11	gLMS	34	40	-46	88	76	-5	26	-35
12	gLMS	58	85	-11	44	46	-8	-12	-20
13	gLMS	25	44	-32	80	49	32	-30	-40
14	gLMS	56	39	-70	-16	-39	33	-21	-18
15	gLMS	29	68	-4	33	64	6	-26	25
16	gLMS	35	48	-37	-17	-6	8	-30	-61
17	gLMS	59	40	-72	17	56	12	-65	-45
18	gLMS	71	55	-64	-3	60	8	-22	-52
19	gLMS	51	36	-70	58	31	4	22	-54
20	gLMS	64	54	-58	2	18	55	-52	-3
21	gLMS	66	58	-55	-15	-4	13	-14	10
22	gLMS	58	43	-69	28	1	59	-8	0
23	gLMS	55	61	-41	-13	-32	56	-16	18
24	gLMS	78	49	-81	74	64	33	-43	1
25	gLMS	48	42	-59	28	2	19	0	-14
26	gLMS	52	64	-34	24	9	-42	21	13
27	gLMS	47	42	-57	36	-8	-14	-26	-10
28	gLMS	63	45	-70	-11	32	-64	-7	-6
29	gLMS	65	51	-64	3	51	57	13	-84
30	gLMS	26	32	-49	26	26	9	-48	1
31	gLMS	28	54	-22	56	38	58	13	-33
32	gLMS	46	59	-34	11	-15	18	-4	28
33	gLMS	46	54	-40	28	7	32	-18	-3
34	gLMS	33	51	-31	1	71	-6	-36	-56
35	gLMS	58	98	6	11	-13	10	27	-40
36	gLMS	58	48	-60	10	34	-21	-11	-39
37	gLMS	49	58	-38	35	26	64	-3	-47
38	gLMS	77	51	-76	64	101	8	-48	-50
39	gLMS	48	62	-32	43	37	42	-47	-53
40	gLMS	25	13	-73	19	46	0	17	-13
41	gLMS	65	20	-100	25	27	29	-96	37
42	gLMS	56	63	-39	93	52	-34	-72	-29
43	gLMS	38	54	-33	-15	22	70	50	-53
44	gLMS	65	64	-46	37	50	-22	-25	12
45	gLMS	45	72	-15	63	-1	16	-67	-36
46	gLMS	58	48	-61	54	22	43	13	-2
47	gLMS	33	43	-43	42	37	51	42	-84
48	gLMS	62	57	-52	-15	-5	17	25	-18
49	gLMS	26	41	-38	6	33	51	-15	35
50	gLMS	69	29	-97	63	0	20	-57	-58
51	gLMS	38	50	-38	-27	28	61	-47	-14
52	gLMS	35	59	-23	50	47	37	-93	-67
53	gLMS	51	53	-47	-6	61	49	-10	-1
54	gLMS	63	69	-38	73	31	32	-46	-18
55	gLMS	49	37	-67	-25	-20	-1	4	-17
56	gLMS	40	29	-68	35	66	73	8	5
57	gLMS	45	49	-46	43	-11	-2	-49	31
58	gLMS	66	83	-22	79	77	85	-34	-23
59	gLMS	50	64	-31	31	30	62	-46	-64
60	gLMS	57	66	-35	7	9	13	-9	-26
61	gLMS	50	82	-7	55	46	110	-63	-33
62	gLMS	53	40	-67	72	26	7	-30	-82
63	gLMS	58	38	-75	23	40	13	-35	-95
64	gLMS	41	29	-68	7	-1	23	-8	-11
65	gLMS	30	57	-19	35	12	-17	2	-89
66	gLMS	83	87	-35	15	43	26	-12	-50
67	gLMS	61	61	-46	82	76	27	-19	-7
68	gLMS	56	41	-69	53	33	70	-13	-53
69	gLMS	37	34	-59	22	43	32	25	-5
70	gLMS	43	53	-39	34	-49	33	-80	-32
71	gLMS	20	30	-45	8	26	6	-5	2
72	gLMS	33	27	-63	-22	-5	-18	-12	5
73	gLMS	63	48	-67	28	42	18	-32	-51
74	gLMS	37	31	-62	45	21	-20	-21	-15
75	gLMS	52	39	-67	24	79	10	-12	-31
76	gLMS	30	56	-20	45	11	28	-52	-38
77	gLMS	37	46	-42	14	7	41	-10	5
78	gLMS	68	68	-45	22	89	0	0	-25
79	gLMS	42	39	-58	62	-14	15	-27	-81
80	gLMS	45	64	-27	66	10	28	-31	-26
81	gLMS	28	25	-60	10	33	20	-23	24
82	gLMS	56	35	-77	59	3	-6	-27	-29
83	gLMS	38	57	-28	61	31	25	-22	-8
84	gLMS	56	43	-66	34	-31	20	-35	-10
85	gLMS	29	41	-41	42	23	17	-23	19
86	gLMS	68	56	-61	83	54	18	34	-8
87	gLMS	67	45	-74	98	-14	49	-12	-23
88	gLMS	60	25	-94	45	25	35	9	-46
89	gLMS	60	42	-71	14	56	-3	30	-26
90	gLMS	49	51	-48	47	15	7	-19	6
91	gLMS	56	61	-41	34	26	60	-31	-56
92	gLMS	56	42	-67	52	90	37	-13	-19
93	gLMS	78	45	-86	33	91	62	-6	-46
94	gLMS	37	41	-49	18	40	8	3	6
95	gLMS	67	66	-46	46	14	6	-12	-54
96	gLMS	50	58	-40	44	55	29	3	-38
97	gLMS	48	47	-53	69	-16	27	-88	10
98	gLMS	28	44	-36	40	37	20	-9	-15
99	gLMS	58	46	-64	10	55	62	-1	-11
100	gLMS	53	81	-11	-4	-37	93	-25	-51
101	gLMS	49	50	-49	44	28	-3	-2	11
102	gLMS	46	60	-32	63	33	13	-26	-15
103	gLMS	84	64	-67	31	21	5	-56	-8
104	gLMS	43	64	-24	59	69	32	-9	-55
105	gLMS	86	72	-57	40	28	14	-22	12
106	gLMS	25	28	-54	12	-13	-46	-30	-39
107	gLMS	51	25	-85	61	37	-44	-28	4
108	gLMS	44	54	-38	45	65	52	8	-7
109	gLMS	65	64	-47	20	23	11	8	-51
110	gLMS	44	58	-33	52	41	38	-40	-72
111	gLMS	46	60	-32	10	-31	-22	-17	-44
112	gLMS	17	30	-42	68	32	-18	-16	-25
113	gLMS	51	66	-28	28	36	-42	-13	-39
114	gLMS	34	45	-40	40	4	42	-14	-71
115	gLMS	57	63	-39	22	55	77	-54	-73
116	gLMS	46	50	-45	42	30	51	-53	-66
117	gLMS	60	61	-45	53	8	-13	-75	-54
118	gLMS	62	50	-62	42	77	29	-27	-41
119	gLMS	32	47	-35	49	-37	-10	-41	-49
120	gLMS	33	50	-33	27	-22	28	-25	-12
121	gLMS	22	32	-46	40	25	34	-42	-23
122	gLMS	54	48	-57	25	25	6	-43	-1
123	gLMS	65	65	-45	61	26	-3	-43	-15
124	gLMS	29	41	-40	35	57	14	-88	10
125	gLMS	83	81	-42	27	56	3	-36	22
126	gLMS	58	31	-84	77	-21	63	-29	10
127	gLMS	46	52	-43	45	19	46	10	-22
128	gLMS	47	54	-42	-3	-21	-26	-37	-8
129	gLMS	57	46	-62	66	-10	41	-43	16
130	gLMS	67	65	-47	29	66	29	6	-14
131	gLMS	17	13	-66	55	-22	54	-4	-26
132	gLMS	49	31	-75	4	8	-1	-25	30
133	gLMS	10	23	-45	23	46	10	-63	-83
134	gLMS	59	42	-70	27	41	-46	-12	-33
135	gLMS	68	42	-79	-5	45	-15	16	12
136	gLMS	37	54	-31	32	-34	65	-26	13
137	gLMS	74	71	-47	14	-12	42	-18	-44
138	gLMS	32	36	-50	20	19	39	-3	-2
139	gLMS	42	54	-36	71	-13	39	19	-14
140	gLMS	47	56	-39	22	15	25	-17	36
141	gLMS	63	55	-56	13	7	60	16	-15
142	gLMS	27	59	-13	58	-1	24	-12	43
143	gLMS	60	49	-61	60	-5	9	-38	15
144	gLMS	54	53	-50	40	52	35	25	-57
145	gLMS	69	62	-53	-1	6	-21	-11	-18
146	gLMS	43	53	-38	49	38	36	-11	-51
147	gLMS	50	43	-59	67	4	11	4	-26
148	gLMS	48	31	-74	75	22	10	-12	-54
149	gLMS	51	33	-75	57	29	-4	-10	-33
150	gLMS	19	39	-32	37	-2	2	-29	49
151	gLMS	36	35	-55	47	15	-20	25	-39
152	gLMS	39	49	-39	-14	-4	-8	-79	-12
153	gLMS	46	47	-49	-1	13	62	-26	-28
154	gLMS	39	15	-86	93	17	50	-32	49
155	gLMS	55	44	-63	30	29	31	-40	-34
156	gLMS	32	26	-63	94	89	55	-10	-87
157	gLMS	40	56	-31	4	17	-2	-18	-20
158	gLMS	72	59	-60	24	38	45	-13	-49
159	gLMS	27	57	-17	48	41	28	33	-32
160	gLMS	42	31	-67	56	40	28	-35	-51
161	gLMS	42	49	-44	50	0	-2	-9	-12
162	gLMS	50	47	-54	40	1	-12	-4	11
163	gLMS	67	59	-56	70	23	-19	-38	17
164	gLMS	66	60	-54	-38	16	-23	-48	-7
165	gLMS	45	39	-59	33	-19	-43	-12	-28
166	gLMS	50	67	-27	38	-4	24	-8	-10
167	gLMS	47	39	-62	60	-16	68	-70	-25
168	gLMS	48	52	-45	57	71	-56	-48	-60
169	gLMS	57	83	-13	4	-5	5	-12	19
170	gLMS	75	54	-70	-45	23	51	-40	5
171	gLMS	70	61	-55	23	55	10	-59	12
172	gLMS	83	65	-64	36	11	10	-26	-38
173	gLMS	60	59	-48	35	59	31	7	-41
174	gLMS	37	56	-28	44	68	19	-24	-43
175	gLMS	56	56	-48	71	68	-3	-33	-45
176	gLMS	55	52	-52	52	49	32	10	-41
177	gLMS	45	54	-40	22	56	10	-14	-28
178	gLMS	43	47	-47	58	46	26	-24	17
179	gLMS	48	57	-38	52	33	37	-38	-3
180	gLMS	41	51	-39	10	-14	57	8	-86
181	gLMS	88	56	-81	63	8	-22	-19	-6
182	gLMS	32	58	-20	9	28	6	12	7
183	gLMS	60	60	-48	62	3	26	-57	-21
184	gLMS	56	27	-87	97	19	37	-23	-36
185	gLMS	40	51	-39	61	32	34	-21	-52
186	gLMS	50	43	-60	0	10	46	-27	-27
187	gLMS	73	54	-69	37	14	2	-64	-67
188	gLMS	49	6	-100	28	63	-49	3	-8
189	gLMS	38	76	-2	31	72	15	-45	7
190	gLMS	53	60	-40	50	76	66	-63	-65
191	gLMS	43	45	-49	46	6	86	-18	-32
192	gLMS	51	60	-38	70	16	41	-55	-11
193	gLMS	45	53	-41	3	-16	59	-13	-50
194	gLMS	48	50	-48	21	39	12	-20	4
195	gLMS	37	49	-38	-2	44	65	-24	4
196	gLMS	37	20	-77	67	79	94	-20	-25
197	gLMS	69	62	-54	81	9	39	15	-44
198	gLMS	40	38	-56	70	49	-10	2	45
199	gLMS	44	31	-68	22	10	33	-21	-19
200	gLMS	48	59	-36	34	21	30	-38	2
201	Point9	3	7	4	8	3	5	5	3
202	Point9	4.2	8	2	9	7	7	3	2
203	Point9	4.2	9	1	8	6	9	1	3
204	Point9	4.3	8	3	6	8	8	2	3
205	Point9	4.3	8	2	7	9	9	4	5
206	Point9	4.5	9	1	9	8	8	1	1
207	Point9	4.5	8	1	5	8	6	1	2
208	Point9	4.5	9	3	9	9	7	4	4
209	Point9	4.6	9	1	7	9	6	2	3
210	Point9	4.8	8	1	7	8	7	3	4
211	Point9	4.9	9	1	7	5	6	5	5
212	Point9	5	9	1	6	7	5	5	3
213	Point9	5	9	1	8	9	6	6	3
214	Point9	5	9	2	9	6	8	4	5
215	Point9	5	8	1	6	8	9	5	3
216	Point9	5.1	9	3	8	9	8	2	3
217	Point9	5.1	9	1	6	8	7	5	5
218	Point9	5.2	8	2	6	9	7	3	4
219	Point9	5.2	8	2	7	5	8	3	2
220	Point9	5.2	8	1	6	6	7	7	2
221	Point9	5.3	8	1	5	6	7	5	2
222	Point9	5.3	9	6	7	8	6	1	4
223	Point9	5.4	9	2	8	6	9	4	4
224	Point9	5.6	9	1	6	6	6	3	5
225	Point9	5.7	9	3	5	8	5	7	5
226	Point9	5.7	9	1	9	8	6	2	6
227	Point9	5.8	9	2	7	5	6	1	4
228	Point9	5.8	8	1	5	7	6	2	3
229	Point9	5.8	9	1	4	9	6	4	4
230	Point9	5.9	9	1	9	8	3	4	2
231	Point9	5.9	9	1	8	5	9	1	3
232	Point9	5.9	9	2	6	6	6	7	2
233	Point9	5.9	9	1	8	8	6	3	5
234	Point9	5.9	9	1	5	8	9	2	6
235	Point9	6	8	3	5	8	6	1	4
236	Point9	6	9	4	9	9	5	5	3
237	Point9	6	9	2	7	8	8	3	5
238	Point9	6.1	9	1	5	6	7	5	3
239	Point9	6.2	8	1	7	7	7	5	2
240	Point9	6.2	8	3	5	8	6	3	3
241	Point9	6.2	9	1	4	8	7	2	3
242	Point9	6.3	8	3	6	6	8	3	3
243	Point9	6.3	8	1	7	7	7	5	1
244	Point9	6.3	8	4	7	9	5	4	1
245	Point9	6.3	8	1	6	7	6	5	3
246	Point9	6.3	9	1	8	7	7	5	3
247	Point9	6.3	9	2	5	6	6	2	1
248	Point9	6.4	9	2	8	6	7	1	5
249	Point9	6.4	9	1	8	8	7	2	4
250	Point9	6.4	9	2	7	8	7	3	1
251	Point9	6.5	9	1	6	5	8	1	3
252	Point9	6.5	9	3	5	8	7	3	1
253	Point9	6.5	9	1	7	8	4	3	2
254	Point9	6.6	9	1	8	8	2	3	5
255	Point9	6.6	9	1	8	7	7	3	4
256	Point9	6.7	9	8	7	9	5	1	5
257	Point9	6.7	8	2	7	7	4	5	4
258	Point9	6.7	8	1	9	9	5	1	1
259	Point9	6.7	9	2	7	7	8	6	6
260	Point9	6.7	8	1	8	7	7	3	1
261	Point9	6.8	9	3	8	9	7	3	2
262	Point9	6.8	8	2	5	8	7	4	2
263	Point9	6.8	8	1	7	6	6	4	6
264	Point9	6.8	8	2	6	8	5	1	2
265	Point9	6.8	8	2	7	7	6	1	4
266	Point9	6.8	9	1	8	8	4	1	1
267	Point9	6.8	9	1	9	9	8	6	4
268	Point9	6.8	8	1	5	9	7	6	5
269	Point9	6.9	9	2	9	9	7	3	5
270	Point9	6.9	9	1	3	8	6	2	4
271	Point9	6.9	9	2	8	7	7	5	2
272	Point9	6.9	9	2	8	9	8	4	2
273	Point9	7	8	2	9	9	6	5	3
274	Point9	7	9	1	5	6	4	1	2
275	Point9	7	8	3	8	7	8	4	3
276	Point9	7	8	5	4	7	7	5	1
277	Point9	7.1	8	1	6	9	5	3	2
278	Point9	7.1	8	1	6	7	7	5	1
279	Point9	7.1	8	3	8	7	8	5	4
280	Point9	7.1	9	4	8	6	7	4	5
281	Point9	7.1	8	1	3	8	9	2	2
282	Point9	7.2	9	1	7	8	7	4	1
283	Point9	7.2	9	2	7	6	7	3	3
284	Point9	7.2	7	2	8	6	5	3	3
285	Point9	7.2	9	1	7	8	7	4	2
286	Point9	7.2	9	1	7	8	6	2	4
287	Point9	7.2	9	1	8	7	7	4	4
288	Point9	7.2	9	1	9	8	6	3	4
289	Point9	7.2	8	1	8	9	6	3	1
290	Point9	7.2	9	1	6	6	8	4	3
291	Point9	7.3	9	2	7	7	7	3	3
292	Point9	7.3	9	2	4	8	5	5	1
293	Point9	7.3	8	1	4	6	9	4	2
294	Point9	7.3	9	2	6	6	8	3	2
295	Point9	7.4	9	1	8	8	8	2	1
296	Point9	7.4	8	3	5	8	7	4	4
297	Point9	7.4	9	2	9	7	6	3	5
298	Point9	7.5	9	2	8	6	8	1	2
299	Point9	7.5	9	6	9	9	8	2	2
300	Point9	7.5	9	1	7	8	7	5	2
301	Point9	7.5	8	1	7	7	9	4	3
302	Point9	7.5	9	2	5	9	8	3	3
303	Point9	7.6	9	2	7	7	7	1	2
304	Point9	7.6	9	4	9	8	7	4	3
305	Point9	7.6	9	2	7	7	7	5	1
306	Point9	7.6	9	1	8	8	7	5	1
307	Point9	7.7	9	1	9	6	7	1	3
308	Point9	7.7	9	1	6	7	7	1	3
309	Point9	7.7	9	1	7	4	5	4	4
310	Point9	7.7	9	1	4	9	4	3	2
311	Point9	7.7	9	1	6	7	7	5	2
312	Point9	7.7	9	3	9	7	6	3	4
313	Point9	7.7	8	1	4	8	6	6	2
314	Point9	7.8	9	1	9	7	5	5	4
315	Point9	7.8	8	1	7	7	5	3	2
316	Point9	7.8	9	1	7	8	7	3	1
317	Point9	7.8	9	2	8	8	6	3	3
318	Point9	7.9	8	1	6	9	3	3	5
319	Point9	7.9	8	2	9	7	8	3	4
320	Point9	7.9	9	1	6	8	7	4	5
321	Point9	7.9	9	2	9	9	6	5	3
322	Point9	8	8	2	7	5	7	1	3
323	Point9	8.1	8	3	6	6	6	2	3
324	Point9	8.1	8	1	6	7	7	1	1
325	Point9	8.1	9	1	6	7	6	2	1
326	Point9	8.1	9	2	7	5	7	4	3
327	Point9	8.2	9	1	8	6	7	2	4
328	Point9	8.2	9	1	4	8	4	6	2
329	Point9	8.2	8	2	8	6	5	7	3
330	Point9	8.3	8	1	7	8	9	4	1
331	Point9	8.3	9	1	5	9	7	2	1
332	Point9	8.3	9	3	8	8	7	4	3
333	Point9	8.3	9	1	9	8	7	4	2
334	Point9	8.3	9	2	6	9	7	2	2
335	Point9	8.4	9	3	8	7	7	2	3
336	Point9	8.4	8	2	6	9	8	5	5
337	Point9	8.4	9	1	8	6	8	3	4
338	Point9	8.4	9	2	7	9	7	5	5
339	Point9	8.5	9	3	5	9	9	5	5
340	Point9	8.5	9	1	7	7	5	5	5
341	Point9	8.5	8	1	4	7	7	5	1
342	Point9	8.5	8	1	7	9	5	4	3
343	Point9	8.5	9	1	6	7	6	3	3
344	Point9	8.5	9	3	6	8	7	4	2
345	Point9	8.6	8	1	6	6	8	1	2
346	Point9	8.6	9	1	8	8	4	3	6
347	Point9	8.6	9	1	6	7	6	5	7
348	Point9	8.6	9	1	5	9	3	1	1
349	Point9	8.6	9	2	7	8	6	3	2
350	Point9	8.6	8	1	9	7	6	4	5
351	Point9	8.7	8	1	6	8	6	3	5
352	Point9	8.7	9	1	9	7	5	1	1
353	Point9	8.7	9	1	7	8	8	3	3
354	Point9	8.7	9	2	6	7	5	2	2
355	Point9	8.7	9	2	9	9	8	5	4
356	Point9	8.7	9	2	5	4	7	4	2
357	Point9	8.8	8	1	7	7	6	1	4
358	Point9	8.8	9	2	6	6	6	5	5
359	Point9	8.9	8	2	5	7	7	4	4
360	Point9	8.9	8	1	8	6	4	4	3
361	Point9	8.9	9	1	6	9	7	5	4
362	Point9	8.9	8	2	7	8	9	4	4
363	Point9	8.9	8	1	7	7	7	4	4
364	Point9	9	9	2	6	9	7	4	4
365	Point9	9	7	1	8	5	8	3	7
366	Point9	9	9	1	6	8	8	3	2
367	Point9	9	9	2	5	8	5	4	3
368	Point9	9	8	2	7	7	8	4	4
369	Point9	9	9	1	5	8	5	5	1
370	Point9	9	9	2	8	8	4	3	3
371	Point9	9	9	1	8	8	6	3	3
372	Point9	9	8	1	4	9	7	3	3
373	Point9	9	9	2	8	8	8	3	3
374	Point9	9	9	1	6	8	9	2	3
375	Point9	9	9	1	9	9	9	4	4
376	Point9	9	8	1	3	7	7	2	2
377	Point9	9	8	2	7	8	7	3	2
378	Point9	9	9	3	8	6	4	3	3
379	Point9	9	8	2	5	5	8	4	5
380	Point9	9	9	1	9	7	8	1	3
381	Point9	9	9	5	5	7	5	6	4
382	Point9	9	9	2	3	5	7	3	2
383	Point9	9	9	2	9	9	9	3	2
384	Point9	9	8	3	6	5	4	4	5
385	Point9	9	9	2	8	9	6	5	2
386	Point9	9	8	2	6	7	7	5	3
387	Point9	9	8	1	8	9	7	2	6
388	Point9	9	9	2	5	5	8	3	4
389	Point9	9	8	2	5	9	7	4	5
390	Point9	9	9	2	7	6	7	4	1
391	Point9	9	9	2	7	8	8	1	3
392	Point9	9	9	1	7	6	5	2	3
393	Point9	9	9	1	8	9	9	5	3
394	Point9	9	9	1	8	5	6	3	2
395	Point9	9	9	2	8	5	9	2	3
396	Point9	9	8	2	7	8	6	5	3
397	Point9	9	9	3	8	8	7	3	1
398	Point9	9	8	4	6	8	8	2	4
399	Point9	9	8	2	3	7	6	1	2
400	Point9	9	8	1	6	9	7	3	1
