RATIO
0.1
0.22
1.128
0.109
0.15
0.003
0.162
0.676
0.208
0.117
0.207
0.385
0.277
0.817
0.445
0.525
0.558
0.667
0.051
0.162
0.272
0.371
0.019
0.003
0.176
0.166
0.378
1.357
0.313
0.78
0.341
0.211
0.039
0.06
0.246
0.166
0.047
0.45
0.487
0.015
0.178
0.402
0.038
0.952
0.607
0.045
0.174
0.497
0.706
0.221
0.666
0.389
0.948
0.68
0.018
0.433
0.455
0.585
0.483
0.048
0.265
0.333
0.754
0.053
0.231
0.549
0.756
0.011
1.227
0.553
0.106
0.01
0.771
0.272
0.116
0.069
0.031
0.32
0.006
0.118
0.071
0.042
0.305
0.182
0.194
0.225
0.288
0.038
0.025
0.289
0.135
0.56
0.156
0.048
0.36
0.199
0.288
0.215
0.226
0.204
0.463
0.845
0.326
0.127
0.459
0.012
1.146
0.152
0.117
0.467
0.053
0.808
0.597
0.082
0.305
0.048
0.22
0.098
0.338
0.182
0.452
0.466
0.08
1.028
0.087
0.046
0.08
0.145
0.023
0.185
0.174
0.184
0.512
0.075
0.541
0.364
0.686
0.098
0.033
0.32
0.039
0.449
0.156
0.247
0.609
0.194
0.058
0.019
0.839
0.262
0.086
0.579
1.483
0.015
0.3
0.658
0.082
0.61
0.237
0.095
0.059
0.118
0.24
0.293
0.102
0.322
0.589
0.015
0.095
0.597
0.158
0.009
0.743
0.039
0.01
0.281
0.095
0.22
0.323
0.244
0.426
0.372
0.096
0.177
1.009
0.169
0.099
0.146
0.119
0.22
0.055
0.305
0.064
0.216
0.057
0.123
0.786
0.027
0.462
0.267
0.836
0.796
0.053
0.034
0.583
0.053
0.045
0.136
0.136
0.014
0.043
0.81
0.249
0.246
0.174
0.8
0.314
1.172
0.06
0.827
0.207
0.067
1.365
0.222
0.046
0.246
0.062
0.931
0.439
0.388
0.785
0.032
0.174
0.159
0.552
0.272
0.05
0.542
0.74
0.153
0.009
0.258
0.398
0.166
0.263
0.029
0.23
0.075
0.281
0.011
0.259
0.325
0.384
0.239
0.011
0.044
0.946
0.41
0.361
0.428
0.807
0.03
0.213
0.377
0.253
0.357
0.616
0.023
0.358
0.038
1.2
0.319
0.215
0.209
0.079
0.239
0.362
0.185
0.322
0.482
0.247
0.011
0.124
0.086
0.213
0.57
0.06
0.936
0.598
0.811
0.146
0.343
0.617
0.329
0.442
0.074
0.705
0.183
0.043
0.055
0.098
0.968
0.375
0.874
0.473
0.809
0.174
0.023
0.062
0.014
0.406
0.386
0.596
0.379
0.09
0.238
0.118
0.345
0.002
0.386
0.55
0.074
0.17
0.665
0.108
0.175
0.099
0.571
0.185
0.529
1.196
0.165
0.438
0.297
0.558
0.726
0.181
0.525
0.009
0.979
0.539
0.182
0.654
0.388
0.132
0.082
0.004
0.137
0.157
0.231
0.255
0.05
1.011
0.574
0.227
0.437
0.105
0.008
0.182
0.375
0.024
0.768
1.018
0.692
0.145
0.021
0.312
0.724
0.385
0.135
0.804
0.512
0.599
0.031
0.75
0.023
1.216
0.285
0.025
0.124
0.376
0.065
0.6
0.102
0.395
0.125
0.514
0.8
0.346
0.355
0.128
0.216
0.087
0.143
0.353
0.569
0.056
0.179
0.142
0.682
0.25
0.573
0.469
0.05
0.068
0.572
0.139
0.708
0.211
0.496
0.2
0.145
0.648
0.985
0.343
0.162
